filename,speaker_raw,speaker_key
uoQFY4spowY_Deputy Aindrias Moynihan - Topical Issues - 12.03..wav,Deputy Aindrias Moynihan,aindrias moynihan
_w-dMtcgCHA_Senator Gerard P. Craughwell - speech from 11 Jun .wav,Senator Gerard P. Craughwell,gerard p. craughwell
h3AzJGtFOzE_Senator Michael McDowell - speech from 9 May 2019.wav,Senator Michael McDowell,michael mcdowell
-4mrsqEK2YY_Deputy Richard Boyd Barrett - Order of Business - .wav,Deputy Richard Boyd Barrett,richard boyd barrett
7ljJ4CFtDEM_Deputy Mattie McGrath - Questions on Promised Legi.wav,Deputy Mattie McGrath,mattie mcgrath
Iesic3dzR3g_Senator Catherine Ardagh - speech from 28 May 2019.wav,Senator Catherine Ardagh,catherine ardagh
JFJqh0iVNYk_Senator Gerald Nash - speech from 26 Jun 2019.wav,Senator Gerald Nash,gerald nash
Z8bIwoWacCE_Deputy Marcella Corcoran Kennedy - Topical Issues .wav,Deputy Marcella Corcoran Kennedy,marcella corcoran kennedy
STNMnWiaS-Y_Deputy Catherine Martin - Order of Business - 12.0.wav,Deputy Catherine Martin,catherine martin
f5bI1_ns0ms_Deputy Michael Creed - Government Business - 17 Se.wav,Deputy Michael Creed,michael creed
kP-4SLHmJ1o_Deputy Mattie McGrath - Private Members’ Business .wav,Deputy Mattie McGrath,mattie mcgrath
Bh7p1NJZwXs_Deputy Jonathan O'Brien - Private Members’ Busines.wav,Deputy Jonathan O'Brien,jonathan o'brien
oFwtmufYUyQ_Catherine Noone - speech from  16 Apr 2019.wav,Catherine Noone,catherine noone
0VZinYVtifU_Deputy Fergus O'Dowd - Topical Issues - 19 Sep 201.wav,Deputy Fergus O'Dowd,fergus o'dowd
xSKYIxWrMvc_Deputy Michael Fitzmaurice - Private Members’ Busi.wav,Deputy Michael Fitzmaurice,michael fitzmaurice
UFxrLE7yNNI_Deputy David Cullinane - Government Business - 17..wav,Deputy David Cullinane,david cullinane
k_-c8PEodOI_Deputy Paul Murphy - Government Business - 2 Oct 2.wav,Deputy Paul Murphy,paul murphy
PDRx5Y_bCNc_Senator Ivana Bacik - speech from 28 May 2019.wav,Senator Ivana Bacik,ivana bacik
8enFwPg9HR4_Senator Gerard P. Craughwell - speech from 10 Jul .wav,Senator Gerard P. Craughwell,gerard p. craughwell
E8xi3h_9efE_Deputy Mattie McGrath - Questions on Promised Legi.wav,Deputy Mattie McGrath,mattie mcgrath
Mldmiz_gaJo_Deputy Gino Kenny - Questions on Promised Legislat.wav,Deputy Gino Kenny,gino kenny
FCsF-Fu_oM0_Colette Kelleher - speech from  18 Apr 2019.wav,Colette Kelleher,colette kelleher
e786UDIUks4_Deputy Stephen Donnelly - Government Business - 16.wav,Deputy Stephen Donnelly,stephen donnelly
WwC3mC5LUUA_Michael McDowell - speech from  18 Apr 2019.wav,Michael McDowell,michael mcdowell
kOrytArzDWw_Deputy James Browne - Private Members’ Business - .wav,Deputy James Browne,james browne
cSr11h-CsyI_Senator Rose Conway-Walsh - speech from 16 May 201.wav,Senator Rose Conway,rose conway
ijNCKrY2zug_Deputy Michael Fitzmaurice - Order of Business - 1.wav,Deputy Michael Fitzmaurice,michael fitzmaurice
68QIeVnbaCA_Deputy Mattie McGrath - Government Business - 19 J.wav,Deputy Mattie McGrath,mattie mcgrath
u3O7GF_9-Hg_Deputy Mattie McGrath - Government Business - 17 S.wav,Deputy Mattie McGrath,mattie mcgrath
B0cl1KzIbws_Lynn Ruane  - speech from  11 Apr 2019.wav,Lynn Ruane,lynn ruane
iQbqM_AkW54_Senator  Joe O'Reilly- speech from 1 Mar 2022.wav,Senator Joe O'Reilly,joe o'reilly
D-8OtppmBAk_Deputy Joan Burton - Government Business - 18.04.2.wav,Deputy Joan Burton,joan burton
G4N-6rV2aHM_Deputy Frank O'Rourke - Private Members’ Business .wav,Deputy Frank O'Rourke,frank o'rourke
gcctDupetm8_Senator Marie-Louise O'Donnell - speech from 11 Ju.wav,Senator Marie,marie
j6oYmcdLqgM_Senator Michelle Mulherin - Order of Business - 8 .wav,Senator Michelle Mulherin,michelle mulherin
AYZtZph4G7Y_Jerry Buttimer - speech from  10 Apr 2019.wav,Jerry Buttimer,jerry buttimer
VuWZjLf6B7w_Deputy Michael Healy-Rae - Private Members’ Busine.wav,Deputy Michael Healy,michael healy
R7Km0RcVEPg_Gabrielle McFadden - speech from  09 Apr 2019.wav,Gabrielle McFadden,gabrielle mcfadden
jakK5p4hmAI_Pádraig Ó Céidigh - speech from  09 Apr 2019.wav,Pádraig Ó Céidigh,padraig o ceidigh
PNtLuqlodM8_Deputy Denis Naughten - Order of Business - 05.03..wav,Deputy Denis Naughten,denis naughten
7xJt6AN-ck0_Deputy Bernard Durkan - Topical Issues - 18 Sep 20.wav,Deputy Bernard Durkan,bernard durkan
xpAClrutGyU_Senator Joe O'Reilly- speech from 20 Jan 2022.wav,Senator Joe O'Reilly,joe o'reilly
JBzqO7dfED4_Deputy Mattie McGrath - Private Members’ Business .wav,Deputy Mattie McGrath,mattie mcgrath
l61Lv07AbFg_Senator David P.B. Norris - speech from 28 May 201.wav,Senator David P.B. Norris,david p.b. norris
gHB2UGMbdtU_Deputy Mattie McGrath - Private Members’ Business .wav,Deputy Mattie McGrath,mattie mcgrath
AET9mVTW_uE_Deputy Joe Carrey- speech from 24 Mar 2022.wav,Deputy Joe Carrey,joe carrey
VlQWsWDjrVs_Deputy Mattie McGrath - Government Business - 17.0.wav,Deputy Mattie McGrath,mattie mcgrath
BKCY8JW4XuI_Deputy Pat Buckley - Government Business - 17 Sep .wav,Deputy Pat Buckley,pat buckley
HLp5YlkMpDk_Deputy Neale Richmond – speech from 02 Sep 2020.wav,Deputy Neale Richmond,neale richmond
rdhSAQK1xHQ_Deputy Pearse Doherty - Private Members’ Business .wav,Deputy Pearse Doherty,pearse doherty
H_b4xWqjwU0_Deputy Mattie McGrath - Private Members’ Business .wav,Deputy Mattie McGrath,mattie mcgrath
ve4BhX-dgkg_Deputy Martin Ferris - Private Members’ Business -.wav,Deputy Martin Ferris,martin ferris
43DC2N6Kqv4_Deputy Pat Casey - Private Members’ Business - 14 .wav,Deputy Pat Casey,pat casey
azLrt3LQZ0Y_Senator Neale Richmond - speech from 2 Jul 2019.wav,Senator Neale Richmond,neale richmond
zxJTrKpe5gI_Senator Joe O'Reilly- speech from 26 Jan 2022.wav,Senator Joe O'Reilly,joe o'reilly
ppGNNzvoV7s_David P B  Norris - speech from  16 Apr 2019.wav,David P B Norris,david p b norris
ghuoupQf57U_Deputy Jan O'Sullivan - Private Members’ Business .wav,Deputy Jan O'Sullivan,jan o'sullivan
wE2BtycZEW4_Senator Gerard P. Craughwell - speech from 18 Jun .wav,Senator Gerard P. Craughwell,gerard p. craughwell
R0GDWakL-k0_Senator Joe O'Reilly- speech from 22 Feb 2022.wav,Senator Joe O'Reilly,joe o'reilly
pBRpd7WD-T0_Senator Martin Conway - speech from 11 Jun 2019.wav,Senator Martin Conway,martin conway
TcftkX36UpQ_Senator Gerard P. Craughwell - speech from 19 Jun .wav,Senator Gerard P. Craughwell,gerard p. craughwell
YrcHF1rU2e4_Deputy James Lawless - Order of Business - 12.03.2.wav,Deputy James Lawless,james lawless
jR3BuSXSCB0_Deputy Marc MacSharry - Private Members’ Business .wav,Deputy Marc MacSharry,marc macsharry
3quFCAUhvxk_Senator Gerard P. Craughwell - speech from 8 Oct 2.wav,Senator Gerard P. Craughwell,gerard p. craughwell
iZqsHzwvJ1w_David P B  Norris - speech from  10 Apr 2019.wav,David P B Norris,david p b norris
e4KX0YbMOdU_Deputy Catherine Byrne - Private Members’ Business.wav,Deputy Catherine Byrne,catherine byrne
D2DTLByphG4_Jerry Buttimer - speech from  17 Apr 2019.wav,Jerry Buttimer,jerry buttimer
Vdt9Ad9kKrw_Fintan Warfield - speech from  10 Apr 2019.wav,Fintan Warfield,fintan warfield
EIPeJ57gVZY_Senator Maria Byrne - Private Members’ Business - .wav,Senator Maria Byrne,maria byrne
tj4DifUXk2k_Deputy Eamon Scanlon - Private Members’ Business -.wav,Deputy Eamon Scanlon,eamon scanlon
TYhJZDezUCQ_Senator Anthony Lawlor - speech from 28 May 2019.wav,Senator Anthony Lawlor,anthony lawlor
VLWyN87mm2A_Deputy Mattie McGrath - Order of Business - 26.03..wav,Deputy Mattie McGrath,mattie mcgrath
FzrSmZ2BBMg_Deputy Thomas Pringle - Other Questions - 18 Jun 2.wav,Deputy Thomas Pringle,thomas pringle
k6yfFGHBm0o_Deputy Jennifer Murnane O'Connor - speech from 1 M.wav,Deputy Jennifer Murnane O'Connor,jennifer murnane o'connor
aUhJhV_WZMs_Senator Joe O'Reilly- speech from 21 Sep 2021.wav,Senator Joe O'Reilly,joe o'reilly
2VD0wHMeUKA_Deputy Mattie McGrath - Questions on Promised Legi.wav,Deputy Mattie McGrath,mattie mcgrath
NefPxKEojP8_Senator James Reilly - speech from 18 Jun 2019.wav,Senator James Reilly,james reilly
DRSj5hY0X9c_Deputy John Curran - Private Members’ Business - 0.wav,Deputy John Curran,john curran
uBMxSVpIgqo_Deputy Danny Healy-Rae - Government Business - 17 .wav,Deputy Danny Healy,danny healy
udxKz2ntmd8_Deputy Aodhán Ó Ríordáin – speech from 03 Sep 2020.wav,Deputy Aodhán Ó Ríordáin,aodhan o riordain
_1TwArYsYD4_Deputy John Lahart - Priority Questions - 06.03.20.wav,Deputy John Lahart,john lahart
JH-jDVuU7UU_Deputy Brian Stanley - Government Business - 05.03.wav,Deputy Brian Stanley,brian stanley
iuvGLcD9wPY_David P B  Norris - speech from  18 Apr 2019.wav,David P B Norris,david p b norris
D4NdN62N4Ek_Deputy Eoin Ó Broin - Private Members’ Business - .wav,Deputy Eoin Ó Broin,eoin o broin
lVFMmvWbWNo_Deputy Róisín Shortall - Private Members’ Business.wav,Deputy Róisín Shortall,roisin shortall
xr_M6U_nWOg_Deputy Denis Naughten - Government Business - 17 S.wav,Deputy Denis Naughten,denis naughten
7PRld5AH9OA_Deputy John McGuinness - Questions on Promised Leg.wav,Deputy John McGuinness,john mcguinness
1CBtA_a_Mmo_Senator Neale Richmond - speech from 16 May 2019.wav,Senator Neale Richmond,neale richmond
Ln8GDH0XO1I_Deputy Pat Deering - Topical Issues - 12 Jun 2019.wav,Deputy Pat Deering,pat deering
136n-1KsyXY_Deputy Robert Troy - Priority Questions - 22 May 2.wav,Deputy Robert Troy,robert troy
lmpMiE4SqOQ_Deputy Jim Daly - Private Members’ Business - 12.0.wav,Deputy Jim Daly,jim daly
VweM_LAhRSw_Senator Frances Black - speech from - 14 May 2019.wav,Senator Frances Black,frances black
GHXgTnKlLQU_Deputy Mattie McGrath - Private Members’ Business .wav,Deputy Mattie McGrath,mattie mcgrath
4vYh0zrY65g_Ivana Bacik - speech from  09 Apr 2019.wav,Ivana Bacik,ivana bacik
3h_Pc2EJm0w_Deputy Jennifer Murnane O'Connor - speech from 30 .wav,Deputy Jennifer Murnane O'Connor,jennifer murnane o'connor
zeu_UN_EPTM_Senator Ian Marshall - speech from 16 May 2019.wav,Senator Ian Marshall,ian marshall
lxTQigAXHvk_Deputy Richard Boyd Barrett - Priority Questions -.wav,Deputy Richard Boyd Barrett,richard boyd barrett
bG6-k1HkQvg_Deputy Kathleen Funchion - Government Business - 1.wav,Deputy Kathleen Funchion,kathleen funchion
E--YO4RJXBg_Alice Mary Higgins - speech from  18 Apr 2019.wav,Alice Mary Higgins,alice mary higgins
iwc72LWli2o_Deputy Seán Kyne - Private Members’ Business - 17 .wav,Deputy Seán Kyne,sean kyne
LWB4-Qs5jDw_Senator John O'Mahony - Order of Business - 8 May .wav,Senator John O'Mahony,john o'mahony
Yfn8tb0XXLc_Rónán Mullen  - speech from  11 Apr 2019.wav,Rónán Mullen,ronan mullen
FW7clWSXv3M_Senator James Reilly - speech from 26 Jun 2019.wav,Senator James Reilly,james reilly
lCwHcz9Gz38_Deputy Kevin Boxer Moran - Priority Questions - 05.wav,Deputy Kevin Boxer Moran,kevin boxer moran
lL97jzS0OhE_Senator Pádraig MacLochlainn - speech from 21 May .wav,Senator Pádraig MacLochlainn,padraig maclochlainn
VVLqdNJu6kE_Deputy Mattie McGrath - Government Business - 10.0.wav,Deputy Mattie McGrath,mattie mcgrath
zZzzSGf8EZ4_Deputy Éamon Ó Cuív - Government Business - 19 Jun.wav,Deputy Éamon Ó Cuív,eamon o cuiv
QaJwDHgY0so_Deputy Mattie McGrath - Questions on Promised Legi.wav,Deputy Mattie McGrath,mattie mcgrath
kLFKUDicPfo_Senator Joe O'Reilly - speech from 1 Mar 2022.wav,Senator Joe O'Reilly,joe o'reilly
0QhcGfNdRIs_Deputy Mattie McGrath - Order of Business - 28 May.wav,Deputy Mattie McGrath,mattie mcgrath
VIwqIvVg54Y_Deputy Mattie McGrath - Questions on Promised Legi.wav,Deputy Mattie McGrath,mattie mcgrath
yZgMiFxmlwc_Senator Joe O'Reilly- speech from 19 Oct 2021.wav,Senator Joe O'Reilly,joe o'reilly
GDp97_l_Ang_Deputy Mattie McGrath - Questions on Promised Legi.wav,Deputy Mattie McGrath,mattie mcgrath
9Q1IXfZhU9g_Senator Joe O'Reilly- speech from 14 Dec 2021.wav,Senator Joe O'Reilly,joe o'reilly
a_1BGECCSzE_Deputy Éamon Ó Cuív - Topical Issues - 4 Jul 2019.wav,Deputy Éamon Ó Cuív,eamon o cuiv
KcAoATgS8f4_Senator Gerard P. Craughwell - speech from 11 Jun .wav,Senator Gerard P. Craughwell,gerard p. craughwell
LnHWlegxgFE_Deputy Brian Stanley - Order of Business - 8 May 2.wav,Deputy Brian Stanley,brian stanley
-Wg-bvIeFNw_Deputy Joan Burton - Other Questions - 18.04.2019.wav,Deputy Joan Burton,joan burton
ybUJgFEZe_I_Senator Joe O'Reilly- speech from 1 Mar 2021.wav,Senator Joe O'Reilly,joe o'reilly
DSFWyeTAfDw_Senator Rose Conway-Walsh - Order of Business - 15.wav,Senator Rose Conway,rose conway
EuuMTUHOkY8_Senator David P.B. Norris - speech from 21 May 201.wav,Senator David P.B. Norris,david p.b. norris
dojpm6Vvgow_Deputy Jackie Cahill  - Private Members’ Business .wav,Deputy Jackie Cahill,jackie cahill
dRv449SXOrw_Deputy Aodhán Ó Ríordáin - speech from 17 Dec 2020.wav,Deputy Aodhán Ó Ríordáin,aodhan o riordain
nVVXsAY288g_Deputy Dara Calleary - Leaders’ Questions - 11.04..wav,Deputy Dara Calleary,dara calleary
29BAAIArCSY_Jerry Buttimer - speech from  10 Apr 2019.wav,Jerry Buttimer,jerry buttimer
Rep3-9z6uyE_Deputy Noel Grealish - Questions on Promised Legis.wav,Deputy Noel Grealish,noel grealish
q-nAzvqAuVo_Deputy Eamon Scanlon - Questions on Promised Legis.wav,Deputy Eamon Scanlon,eamon scanlon
ZSzuExpOoJc_Deputy Mattie McGrath - Questions on Promised Legi.wav,Deputy Mattie McGrath,mattie mcgrath
ZjaEI9HxFHs_Senator Colette Kelleher - speech from 12 Jun 2019.wav,Senator Colette Kelleher,colette kelleher
tmzcG3KbVxE_David P B  Norris - speech from  10 Apr 2019.wav,David P B Norris,david p b norris
BN7NtaBUeS4_Senator Gerard P. Craughwell - speech from 11 Jun .wav,Senator Gerard P. Craughwell,gerard p. craughwell
n2gwtYMvYXs_Deputy Dara Calleary - Other Questions - 13.03.201.wav,Deputy Dara Calleary,dara calleary
SKd0798uTvk_Gerry Horkan - speech from  10 Apr 2019.wav,Gerry Horkan,gerry horkan
4q017p6vaJQ_Deputy Éamon Ó Cuív - Other Questions - 10 Jul 201.wav,Deputy Éamon Ó Cuív,eamon o cuiv
xR9VxH5P2Pw_Senator Paudie Coffey - speech from - 14 May 2019.wav,Senator Paudie Coffey,paudie coffey
tjlgAFbxYSQ_Deputy Thomas Byrne - Questions on Promised Legisl.wav,Deputy Thomas Byrne,thomas byrne
_gXTceDxePc_Deputy Michael Fitzmaurice - Questions on Promised.wav,Deputy Michael Fitzmaurice,michael fitzmaurice
DR97HdSApe0_Deputy Kevin O'Keeffe - Private Members’ Business .wav,Deputy Kevin O'Keeffe,kevin o'keeffe
bQO7tpQWlV4_Senator Gerry Horkan - Private Members’ Business -.wav,Senator Gerry Horkan,gerry horkan
ZcW9aoRlQaU_Deputy Mattie McGrath - Order of Business - 12.03..wav,Deputy Mattie McGrath,mattie mcgrath
bDKySjwhue0_Senator Joe O'Reilly- speech from 22 Feb 2021.wav,Senator Joe O'Reilly,joe o'reilly
H1TQb-de6uc_Deputy Aodhán Ó Ríordáin - speech from 07 May 2020.wav,Deputy Aodhán Ó Ríordáin,aodhan o riordain
5J0KhCs-3js_Deputy Seán Fleming - Government Business - 24 Sep.wav,Deputy Seán Fleming,sean fleming
ypI0pGV9Vqc_Senator Catherine Noone - speech from 11 Jun 2019.wav,Senator Catherine Noone,catherine noone
FnG6fpjLz1g_Senator Terry Leyden - speech from 1 Oct 2019.wav,Senator Terry Leyden,terry leyden
8Lvhpc67IyA_Deputy Brendan Smith TD - speech from o4 Jul 2019.wav,Deputy Brendan Smith TD,brendan smith td
5iilJMtz5L0_Deputy Gerry Adams - Topical Issues - 19 Jun 2019.wav,Deputy Gerry Adams,gerry adams
_GTDxA6EBuw_Senator  Joe O'Reilly- speech from 2 Dec 2021.wav,Senator Joe O'Reilly,joe o'reilly
IPGjLG29wS4_Fintan Warfield - speech from  18 Apr 2019.wav,Fintan Warfield,fintan warfield
K2_0U5YBeQw_Senator Joe O'Reilly- speech from 8 Mar 2021.wav,Senator Joe O'Reilly,joe o'reilly
pO4cNTUiCk8_Senator Fintan Warfield - speech from 1 Dec 2020.wav,Senator Fintan Warfield,fintan warfield
fETEW4mE2vU_Deputy Jim O'Callaghan - Government Business - 14 .wav,Deputy Jim O'Callaghan,jim o'callaghan
idiD7dwaSFk_Deputy Danny Healy-Rae - Order of Business - 28 Ma.wav,Deputy Danny Healy,danny healy
GzkWv71FN98_Senator David P.B. Norris - speech from 18 Jun 201.wav,Senator David P.B. Norris,david p.b. norris
XvKLE8H0sJA_Deputy Donnchadh Ó Laoghaire - Private Members’ Bu.wav,Deputy Donnchadh Ó Laoghaire,donnchadh o laoghaire
1IEiM0xKtw0_Deputy Pearse Doherty - Leaders’ Questions - 19 Se.wav,Deputy Pearse Doherty,pearse doherty
HBJAD4EA_sI_Deputy Shane Cassells - Topical Issues - 17 Sep 20.wav,Deputy Shane Cassells,shane cassells
sA89IXwGGbY_Senator Joe O'Reilly- speech from 1 Feb 2021.wav,Senator Joe O'Reilly,joe o'reilly
7hKBX8pCdSA_Deputy Catherine Connolly - Government Business - .wav,Deputy Catherine Connolly,catherine connolly
8ptw8dG8rgA_Maura Hopkins - speech from  09 Apr 2019.wav,Maura Hopkins,maura hopkins
7FNHhRzGj-k_Ray Butler - speech from  17 Apr 2019.wav,Ray Butler,ray butler
HeVgkrBFTgM_Deputy Brendan Howlin - Leaders’ Questions - 14 Ma.wav,Deputy Brendan Howlin,brendan howlin
u2WcXeQ7xJg_Michael McDowell - speech from  10 Apr 2019.wav,Michael McDowell,michael mcdowell
RHTj_RHlVbM_Deputy Marc MacSharry - Private Members’ Business .wav,Deputy Marc MacSharry,marc macsharry
cdIwh3PSaSs_Deputy Peter Burke - Oral Questions - 07.03.2019.wav,Deputy Peter Burke,peter burke
fxr24mV2LQg_Deputy Michael McGrath - Topical Issues - 10.04.20.wav,Deputy Michael McGrath,michael mcgrath
M8GCfZ3sD6c_Deputy Jennifer Murnane O'Connor - speech from 2 M.wav,Deputy Jennifer Murnane O'Connor,jennifer murnane o'connor
Z0iGJ4_BMqA_Deputy Mick Wallace - Government Business - 27 Jun.wav,Deputy Mick Wallace,mick wallace
faluTS8qX2c_Deputy Mattie McGrath - Private Members’ Business .wav,Deputy Mattie McGrath,mattie mcgrath
bonj_lOfSOw_Deputy Mattie McGrath - Government Business - 2 Oc.wav,Deputy Mattie McGrath,mattie mcgrath
In85u8tylic_Senator Billy Lawless - speech from 25 Jun 2019.wav,Senator Billy Lawless,billy lawless
gRkdIAyO0uE_Deputy Gerry Adams - Questions on Promised Legisla.wav,Deputy Gerry Adams,gerry adams
MkcaEj8S7sA_Deputy Michael Fitzmaurice - Government Business -.wav,Deputy Michael Fitzmaurice,michael fitzmaurice
_9lIRQmnDKs_Deputy Mattie McGrath - Order of Business - 17 Sep.wav,Deputy Mattie McGrath,mattie mcgrath
Zd4FB1fcZr0_Deputy James Browne - Other Questions - 27 Jun 201.wav,Deputy James Browne,james browne
vbYmgj2RZmo_Senator Niall Ó Donnghaile - speech from 11 Jun 20.wav,Senator Niall Ó Donnghaile,niall o donnghaile
yWU5TE19qyQ_Deputy Jonathan O'Brien - Priority Questions - 05..wav,Deputy Jonathan O'Brien,jonathan o'brien
z81H1aDMbw8_Deputy Fiona O'Loughlin - Questions on Promised Le.wav,Deputy Fiona O'Loughlin,fiona o'loughlin
Znxihz1wjQU_Senator Catherine Ardagh - speech from 18 Jun 2019.wav,Senator Catherine Ardagh,catherine ardagh
32Vejqtx39E_Senator Joe O'Reilly  - Fine Gael - speech from 4 .wav,Senator Joe O'Reilly,joe o'reilly
vY5XnwMlNfQ_David P B  Norris - speech from  10 Apr 2019.wav,David P B Norris,david p b norris
lwWJOpTeVRI_Deputy Maureen O'Sullivan - Other Questions - 18 J.wav,Deputy Maureen O'Sullivan,maureen o'sullivan
c-jWSFyQo9k_Lynn Ruane - speech from  09 Apr 2019.wav,Lynn Ruane,lynn ruane
RWR4I6N7bZ8_Deputy Pat Deering - Other Questions - 9 May 2019.wav,Deputy Pat Deering,pat deering
EAIzbzqoiYA_Deputy Dara Calleary - Government Business - 12.03.wav,Deputy Dara Calleary,dara calleary
s52vwZM55To_Deputy Bríd Smith - Leaders’ Questions - 11 Jun 20.wav,Deputy Bríd Smith,brid smith
3f_iB838Z-8_Deputy Marc MacSharry - Topical Issues - 11 Jun 20.wav,Deputy Marc MacSharry,marc macsharry
k636YzyU4XQ_Deputy Bernard Durkan - Other Questions - 15 May 2.wav,Deputy Bernard Durkan,bernard durkan
Q1ddsK4zbuI_Senator Joe O'Reilly - speech from 1 May.wav,Senator Joe O'Reilly,joe o'reilly
Mp0gZT9i_jA_Deputy Michael Fitzmaurice - Private Members’ Busi.wav,Deputy Michael Fitzmaurice,michael fitzmaurice
8P9NwqciYrA_Deputy Joan Collins - Private Members’ Business - .wav,Deputy Joan Collins,joan collins
vzQCkrLQ2lc_Deputy Mattie McGrath - Order of Business - 25 Jun.wav,Deputy Mattie McGrath,mattie mcgrath
jRJO6-xo_Dk_Senator Neale Richmond - speech from 11 Jun 2019.wav,Senator Neale Richmond,neale richmond
NM0ugzZpD-I_James Reilly - speech from  09 Apr 2019.wav,James Reilly,james reilly
Z0nJVQqKL8k_Senator Kieran O'Donnell - speech from 11 Jun 2019.wav,Senator Kieran O'Donnell,kieran o'donnell
P6ICLcu17f0_Deputy Bríd Smith - Government Business - 10 Jul 2.wav,Deputy Bríd Smith,brid smith
Bcv55ExW8kA_Senator Aodhán Ó Ríordáin - Private Members’ Busin.wav,Senator Aodhán Ó Ríordáin,aodhan o riordain
wyrRdwpFnPI_Deputy Mattie McGrath - Government Business - 12 J.wav,Deputy Mattie McGrath,mattie mcgrath
EI64IfA_WLI_Senator Joe O'Reilly- Fine Gael -speech from 31May.wav,Senator Joe O'Reilly,joe o'reilly
0RSrlVQWSvQ_Deputy Helen McEntee - Government Business - 18 Se.wav,Deputy Helen McEntee,helen mcentee
S1_WxGElu_o_Deputy Noel Rock - Topical Issues - 21 May 2019.wav,Deputy Noel Rock,noel rock
EgeejwA6lP0_Senator Martin Conway - speech from 8 May 2019.wav,Senator Martin Conway,martin conway
dcwN9SibpQw_Senator Joe O'Reilly- speech from 10 Mar 2022.wav,Senator Joe O'Reilly,joe o'reilly
RE_JHZElUYw_Deputy Mattie McGrath - Priority Questions - 19 Se.wav,Deputy Mattie McGrath,mattie mcgrath
QWshkeaju1Y_Fintan Warfield - speech from  18 Apr 2019.wav,Fintan Warfield,fintan warfield
BRb7Qg0rbwU_Senator Joe O'Reilly- speech from 15 Jun 2021.wav,Senator Joe O'Reilly,joe o'reilly
khADIP95h9M_Deputy Mattie McGrath - Government Business - 16.0.wav,Deputy Mattie McGrath,mattie mcgrath
0QlkCZwiLFM_Catherine Noone  - speech from  11 Apr 2019.wav,Catherine Noone,catherine noone
uUQ_OzYat3M_Deputy David Cullinane - Leaders’ Questions - 12.0.wav,Deputy David Cullinane,david cullinane
koi_TL5t2YE_Deputy Joe Carey - Other Questions - 27 Jun 2019.wav,Deputy Joe Carey,joe carey
Zw2HMOSbE0w_Deputy Peadar Tóibín - Other Questions - 12.03.201.wav,Deputy Peadar Tóibín,peadar toibin
Qkh0qT7BtX8_Deputy Mattie McGrath - Order of Business - 18 Jun.wav,Deputy Mattie McGrath,mattie mcgrath
OGP7AOA88QI_Deputy Thomas P. Broughan - Government Business - .wav,Deputy Thomas P. Broughan,thomas p. broughan
MizvpUX7rFo_Deputy Joan Burton - Priority Questions - 10.04.20.wav,Deputy Joan Burton,joan burton
ebsi8HWr8Hg_Senator Joe O'Reilly- speech from 1 Dec 2021.wav,Senator Joe O'Reilly,joe o'reilly
k06SW5wiFII_Senator  Joe O'Reilly - speech from 4 May 2021.wav,Senator Joe O'Reilly,joe o'reilly
u444nfOpONw_Deputy Jack Chambers - Other Questions - 13.03.201.wav,Deputy Jack Chambers,jack chambers
nQxFdRzNTSY_Deputy Mattie McGrath - Government Business - 29 M.wav,Deputy Mattie McGrath,mattie mcgrath
QO38OjKV5fg_Deputy Michael McGrath - Priority Questions - 05.0.wav,Deputy Michael McGrath,michael mcgrath
jc6tWAdwo4A_Deputy Barry Cowen - Government Business - 9 May 2.wav,Deputy Barry Cowen,barry cowen
gx90Yuuw7XM_Deputy Michael Fitzmaurice - Private Members’ Busi.wav,Deputy Michael Fitzmaurice,michael fitzmaurice
YyzQOwWNaUs_Deputy Maurice Quinlivan - Government Business - 0.wav,Deputy Maurice Quinlivan,maurice quinlivan
Z504QYOgKiU_Deputy Barry Cowen - Private Members’ Business - 1.wav,Deputy Barry Cowen,barry cowen
Ygm8VZnT6Ek_Senator Joe O'Reilly - speech from 15 Jul 2021.wav,Senator Joe O'Reilly,joe o'reilly
TWjeqCqt-m0_Deputy Éamon Ó Cuív - Private Members’ Business - .wav,Deputy Éamon Ó Cuív,eamon o cuiv
5ZaEEGSr1RI_Deputy Catherine Martin - Government Business - 19.wav,Deputy Catherine Martin,catherine martin
zQoTv5HaFqQ_Deputy Mattie McGrath - Private Members’ Business .wav,Deputy Mattie McGrath,mattie mcgrath
Vq4CX-43qqE_Charles Flanagan - speech from  10 Apr 2019.wav,Charles Flanagan,charles flanagan
MS1gMaz_SOI_David P B  Norris - speech from  10 Apr 2019.wav,David P B Norris,david p b norris
r6Lk4D49H34_Senator Rose Conway-Walsh - speech from 12 Jun 201.wav,Senator Rose Conway,rose conway
CvXDy7y7lGA_Senator Rónán Mullen - speech from 29 May 2019.wav,Senator Rónán Mullen,ronan mullen
DKBVlZ7WPRM_Senator Kieran O'Donnell - speech from 24 Sep 2019.wav,Senator Kieran O'Donnell,kieran o'donnell
m95P2rdl4KI_Deputy Brendan Smith - Government Business - 06.03.wav,Deputy Brendan Smith,brendan smith
B9zLnM5tpk4_Catherine Noone  - speech from  16 Apr 2019.wav,Catherine Noone,catherine noone
EAfkeKvsZpE_Deputy Louise O'Reilly - Government Business - 11..wav,Deputy Louise O'Reilly,louise o'reilly
5PZT73TDYKM_Maria Byrne  - speech from  11 Apr 2019.wav,Maria Byrne,maria byrne
ffVmv4dQVUs_Deputy Niall Collins - Questions on Promised Legis.wav,Deputy Niall Collins,niall collins
QKtKXbt02-c_Deputy Mattie McGrath - Private Members’ Business .wav,Deputy Mattie McGrath,mattie mcgrath
z2bTE3DR1w0_Senator Rónán Mullen - speech from 24 Sep 2019.wav,Senator Rónán Mullen,ronan mullen
r9eeUmQOyYU_Gerry Horkan - speech from  17 Apr 2019.wav,Gerry Horkan,gerry horkan
JzM3xQ5-tqI_Deputy James Lawless - Government Business - 19 Se.wav,Deputy James Lawless,james lawless
9c6DOw_RESg_Jerry Buttimer - speech from  09 Apr 2019.wav,Jerry Buttimer,jerry buttimer
hdRjXy9MYDw_Deputy Seán Haughey - Taoiseach’s Questions - 27.0.wav,Deputy Seán Haughey,sean haughey
nQZ-1iKnlaE_Deputy Eugene Murphy - Government Business - 17 Se.wav,Deputy Eugene Murphy,eugene murphy
sVLs46SUFAI_Martin Conway - speech from  17 Apr 2019.wav,Martin Conway,martin conway
szEbbgJfwxY_Alice Mary Higgins - speech from  09 Apr 2019.wav,Alice Mary Higgins,alice mary higgins
p6DSytz6dFk_Senator Martin Conway - speech from 25 Sep 2019.wav,Senator Martin Conway,martin conway
U1FlGieXtF8_Deputy Aengus Ó Snodaigh - Government Business - 0.wav,Deputy Aengus Ó Snodaigh,aengus o snodaigh
a2_pK9eMjeM_Senator Aodhán Ó Ríordáin - speech from 12 Jun 201.wav,Senator Aodhán Ó Ríordáin,aodhan o riordain
IGq_qZdOiZg_Michael McDowell - speech from  10 Apr 2019.wav,Michael McDowell,michael mcdowell
rzPH0Xpc5xw_Senator James Reilly - speech from 29 May 2019.wav,Senator James Reilly,james reilly
Y2syJXwgYEE_Deputy Mattie McGrath - Government Business - 17.0.wav,Deputy Mattie McGrath,mattie mcgrath
Xw_kboMdmLI_Senator Catherine Ardagh - Order of Business - 14 .wav,Senator Catherine Ardagh,catherine ardagh
XWtCIObcOYM_Deputy Catherine Martin - Private Members’ Busines.wav,Deputy Catherine Martin,catherine martin
FdE1UvINldQ_Deputy Tom Neville - Other Questions - 21 May 2019.wav,Deputy Tom Neville,tom neville
OK7tciFRBxw_David P B  Norris - speech from  17 Apr 2019.wav,David P B Norris,david p b norris
C9e6RVUjSnM_Deputy Mick Wallace - Government Business - 11.04..wav,Deputy Mick Wallace,mick wallace
4HDuDy4Q3q4_Senator David P.B. Norris - speech from 9 May 2019.wav,Senator David P.B. Norris,david p.b. norris
GPOTNhS_WE8_Deputy John Paul Phelan - Government Business - 10.wav,Deputy John Paul Phelan,john paul phelan
lQdgTRXItZg_Deputy Jim O'Callaghan - Government Business - 06..wav,Deputy Jim O'Callaghan,jim o'callaghan
SzV8fJI44Jc_Deputy Eamon Ryan - Government Business - 17 Sep 2.wav,Deputy Eamon Ryan,eamon ryan
-2_xpuERTl8_Terry Leyden  - speech from  11 Apr 2019.wav,Terry Leyden,terry leyden
bU9W7SUJkpg_Senator Martin Conway - speech from 18 Jun 2019.wav,Senator Martin Conway,martin conway
ZUqtJ2TIiHs_Grace O'Sullivan - speech from  09 Apr 2019.wav,Grace O'Sullivan,grace o'sullivan
7a5KTQ9PM6M_Senator Paul Daly - speech from 29 May 2019.wav,Senator Paul Daly,paul daly
0ZcjEGexyaw_Deputy Mattie McGrath - Questions on Promised Legi.wav,Deputy Mattie McGrath,mattie mcgrath
A307g9WKqic_Senator Gerry Horkan - speech from 11 Jun 2019.wav,Senator Gerry Horkan,gerry horkan
_oWju6ekIZk_Senator Joe O'Reilly - speech from 18 Nov 2021.wav,Senator Joe O'Reilly,joe o'reilly
FEoGNa6N4QE_Deputy Mattie McGrath - Government Business - 19 J.wav,Deputy Mattie McGrath,mattie mcgrath
E4TuD_mewKU_Senator Gerard P. Craughwell - speech from 11 Jul .wav,Senator Gerard P. Craughwell,gerard p. craughwell
hqUaqW471as_Senator Joe O'Reilly - speech from 25 Sep 2019.wav,Senator Joe O'Reilly,joe o'reilly
-0tFaqS-cJ4_Senator Gerard P. Craughwell - speech from 24 Sep .wav,Senator Gerard P. Craughwell,gerard p. craughwell
GCqZ8PNE50g_Senator Joe O'Reilly - speech from 15 Dec 2020.wav,Senator Joe O'Reilly,joe o'reilly
evCYs0For50_Deputy Catherine Connolly - Private Members’ Busin.wav,Deputy Catherine Connolly,catherine connolly
pHqp3uXLFCs_Senator Gerard P. Craughwell - speech from 26 Sep .wav,Senator Gerard P. Craughwell,gerard p. craughwell
Xo7H6-aaIc0_Deputy Carol Nolan - Private Members’ Business - 1.wav,Deputy Carol Nolan,carol nolan
NM1sQpncOC0_Senator Joe O'Reilly - speech from 15 Jun 2021.wav,Senator Joe O'Reilly,joe o'reilly
qgJkewHZd3Y_Senator Catherine Noone - speech from 25 Sep 2019.wav,Senator Catherine Noone,catherine noone
GcozQYr3sgo_Senator Keith Swanick - speech from 11 Jun 2019.wav,Senator Keith Swanick,keith swanick
cIOZ8qgu0fU_Deputy Brian Stanley - Private Members’ Business -.wav,Deputy Brian Stanley,brian stanley
wMhUVBS1XjE_Deputy Martin Kenny - Priority Questions - 9 May 2.wav,Deputy Martin Kenny,martin kenny
OtMPlKhHDTk_Senator Robbie Gallagher - speech from 9 Jul 2019.wav,Senator Robbie Gallagher,robbie gallagher
TxUNn2pncUA_Senator Robbie Gallagher - Order of Business - 14 .wav,Senator Robbie Gallagher,robbie gallagher
7Uw7L6TRH7M_Senator Gerard P. Craughwell - speech from 4 Jul 2.wav,Senator Gerard P. Craughwell,gerard p. craughwell
zDmvtUvYq6Q_Deputy Mattie McGrath - Questions on Promised Legi.wav,Deputy Mattie McGrath,mattie mcgrath
UBBZ4dtQUb8_Deputy Mattie McGrath - Order of Business - 12.03..wav,Deputy Mattie McGrath,mattie mcgrath
umTO0cyMp-E_Deputy Maureen O'Sullivan - Government Business - .wav,Deputy Maureen O'Sullivan,maureen o'sullivan
m1CDZP9xZJU_Senator Jerry Buttimer - Order of Business - 14 Ma.wav,Senator Jerry Buttimer,jerry buttimer
HgLMxs0APQ0_Deputy Kieran O'Donnell - speech from 22 Oct 2020.wav,Deputy Kieran O'Donnell,kieran o'donnell
Yex98j2cewQ_Deputy Jack Chambers - Private Members’ Business -.wav,Deputy Jack Chambers,jack chambers
vAM6xt9ahr0_Gabrielle McFadden  - speech from  16 Apr 2019.wav,Gabrielle McFadden,gabrielle mcfadden
av7DQsUX66Y_Rónán Mullen  - speech from  11 Apr 2019.wav,Rónán Mullen,ronan mullen
tUngm9j8E3U_Deputy Éamon Ó Cuív - Government Business - 3 Oct .wav,Deputy Éamon Ó Cuív,eamon o cuiv
Z3LboOZqTX0_Deputy Ruth Coppinger - Government Business - 18.0.wav,Deputy Ruth Coppinger,ruth coppinger
ICr6y_SVobQ_Deputy Joan Burton - Other Questions - 17.04.2019.wav,Deputy Joan Burton,joan burton
BKMhrhgDS8Y_Deputy Gino Kenny - Other Questions - 28 May 2019.wav,Deputy Gino Kenny,gino kenny
HQCdIphLTho_Deputy Mattie McGrath - Questions on Promised Legi.wav,Deputy Mattie McGrath,mattie mcgrath
c8G_9049HNw_Deputy Mattie McGrath - Topical Issues - 26.03.201.wav,Deputy Mattie McGrath,mattie mcgrath
4icbZAGnkg8_Deputy Peadar Tóibín - Private Members’ Business -.wav,Deputy Peadar Tóibín,peadar toibin
JD_Vg2VXC6Y_Senator Maria Byrne - speech from 27 Jun 2019.wav,Senator Maria Byrne,maria byrne
wKPNf38c8TQ_Deputy Neale Richmond - speech from 5 Mar 2020.wav,Deputy Neale Richmond,neale richmond
3fPwXRxefr0_Senator Catherine Ardagh - speech from 8 May 2019.wav,Senator Catherine Ardagh,catherine ardagh
-21uHH_wUXI_Deputy Peter Fitzpatrick - Questions on Promised L.wav,Deputy Peter Fitzpatrick,peter fitzpatrick
VMxAlWq7wPA_Senator Mark Daly - speech from 28 May 2019.wav,Senator Mark Daly,mark daly
8ERyZJM_1Bc_Deputy Éamon Ó Cuív - Private Members’ Business - .wav,Deputy Éamon Ó Cuív,eamon o cuiv
5TpAJ7tjFqI_Senator David P.B. Norris - speech from 24 Sep 201.wav,Senator David P.B. Norris,david p.b. norris
Ezqu3vN3VrQ_Deputy Kieran O'Donnell - speech from 14 May 2020.wav,Deputy Kieran O'Donnell,kieran o'donnell
m8v_s4RR2LM_Senator Joe O'Reilly - speech from 21 Jun 2021.wav,Senator Joe O'Reilly,joe o'reilly
QCCZbO97LRQ_Deputy Willie O'Dea - Questions on Promised Legisl.wav,Deputy Willie O'Dea,willie o'dea
9N0Fj1I9zuA_Deputy Regina Doherty - Government Business - 06.0.wav,Deputy Regina Doherty,regina doherty
hwS_mE0KCrg_Deputy Mick Wallace - Private Members’ Business - .wav,Deputy Mick Wallace,mick wallace
bbTn7GI6LWQ_Deputy Mick Wallace - Government Business - 27.03..wav,Deputy Mick Wallace,mick wallace
VwQ0xo4WnMY_Deputy Barry Cowen - Private Members’ Business - 1.wav,Deputy Barry Cowen,barry cowen
mkKZgKXd8dQ_Senator Joe O'Reilly - speech from 29 Mar 2021.wav,Senator Joe O'Reilly,joe o'reilly
HbKt052-moM_Deputy Dara Calleary - Private Members’ Business -.wav,Deputy Dara Calleary,dara calleary
R4H0rtqNfso_Senator Kevin Humphreys - speech from 2 Jul 2019.wav,Senator Kevin Humphreys,kevin humphreys
tx1dM46XaLg_Deputy Niall Collins - Order of Business - 12.03.2.wav,Deputy Niall Collins,niall collins
TQvaOx2aak0_Senator Joe O'Reilly- speech from 8 Feb 2022.wav,Senator Joe O'Reilly,joe o'reilly
iAaIIm_b5AY_Senator Gerard P. Craughwell - speech from 16 Oct .wav,Senator Gerard P. Craughwell,gerard p. craughwell
DJraoljzvSA_Senator Terry Leyden - speech from 19 Jun 2019.wav,Senator Terry Leyden,terry leyden
TXNjJqyg8so_Senator Joe O'Reilly- speech from 9 Nov 2021.wav,Senator Joe O'Reilly,joe o'reilly
TtRvVsC21nA_Deputy Darragh O'Brien - Other Questions - 18 Sep .wav,Deputy Darragh O'Brien,darragh o'brien
fdvjanF1U2Q_Deputy Declan Breathnach - Government Business - 1.wav,Deputy Declan Breathnach,declan breathnach
-qJUSC8Jnjw_Senator Rónán Mullen - speech from 14 May 2019.wav,Senator Rónán Mullen,ronan mullen
rdx-Zq9UbSs_Senator Catherine Noone - speech from 22 May 2019.wav,Senator Catherine Noone,catherine noone
Zx0CJI9pOUM_Deputy Mattie McGrath - Priority Questions - 12 Ju.wav,Deputy Mattie McGrath,mattie mcgrath
uZRHvL_Z9JE_Senator Gerard P. Craughwell - speech from 10 Jul .wav,Senator Gerard P. Craughwell,gerard p. craughwell
3cLQTphqFog_Deputy Niamh Smyth - Priority Questions - 12 Jun 2.wav,Deputy Niamh Smyth,niamh smyth
lIFnDj4uSpk_Deputy Martin Heydon - Private Members’ Business -.wav,Deputy Martin Heydon,martin heydon
NlGQa-4h7-s_Deputy Jan O'Sullivan - Government Business - 10 J.wav,Deputy Jan O'Sullivan,jan o'sullivan
jRAIUBkOfTg_Michael McDowell - speech from  17 Apr 2019.wav,Michael McDowell,michael mcdowell
8WsjgXTbkpA_Deputy Katherine Zappone - Government Business - 1.wav,Deputy Katherine Zappone,katherine zappone
_d1ZBsNcBHk_Colm Burke - speech from  09 Apr 2019.wav,Colm Burke,colm burke
nspS_vIwDvQ_Senator Gabrielle McFadden - speech from 21 May 20.wav,Senator Gabrielle McFadden,gabrielle mcfadden
VXMtkOTcIY0_Deputy Frank O'Rourke - Private Members’ Business .wav,Deputy Frank O'Rourke,frank o'rourke
HscsTIFxoC0_Deputy Kieran O'Donnell - speech from 8 Jul 2020.wav,Deputy Kieran O'Donnell,kieran o'donnell
8m3Io8racTc_Deputy Mattie McGrath - Topical Issues - 10 Jul 20.wav,Deputy Mattie McGrath,mattie mcgrath
YVAwRNPWtj4_Marie Louise O'Donnell  - speech from  16 Apr 2019.wav,Marie Louise O'Donnell,marie louise o'donnell
p3wS3RtJ670_Deputy Brendan Smith - Government Business - 11 Ju.wav,Deputy Brendan Smith,brendan smith
tCYc6EBzpBQ_Senator Aodhán Ó Ríordáin - Private Members’ Busin.wav,Senator Aodhán Ó Ríordáin,aodhan o riordain
V_VgeL32f4Y_Senator Joe O'Reilly - speech from 18 Oct 2023.wav,Senator Joe O'Reilly,joe o'reilly
aqZz13-jCyE_Deputy Louise O'Reilly - Questions on Promised Leg.wav,Deputy Louise O'Reilly,louise o'reilly
M1vd8NL_vyI_Deputy Pat Deering - Other Questions - 07.03.2019.wav,Deputy Pat Deering,pat deering
DMeY6ouZTY4_Deputy Richard Boyd Barrett - Government Business .wav,Deputy Richard Boyd Barrett,richard boyd barrett
EdH_bz0VQpc_Senator Gerard P. Craughwell - speech from 11 Jun .wav,Senator Gerard P. Craughwell,gerard p. craughwell
16VxYiVKgwo_Deputy Michael Harty - Private Members’ Business -.wav,Deputy Michael Harty,michael harty
j_lq-6gFk2Q_Gerard P  Craughwell  - speech from  16 Apr 2019.wav,Gerard P Craughwell,gerard p craughwell
e3ldx7nqJsM_Senator Gerard P. Craughwell - speech from 28 May .wav,Senator Gerard P. Craughwell,gerard p. craughwell
_KxzFQd-Nek_Deputy Brendan Howlin - Order of Business - 05.03..wav,Deputy Brendan Howlin,brendan howlin
7E7baKA1md8_Deputy Eugene Murphy - Government Business - 10.04.wav,Deputy Eugene Murphy,eugene murphy
7096v_xg3S0_Deputy Mattie McGrath - Leaders’ Questions - 29 Ma.wav,Deputy Mattie McGrath,mattie mcgrath
Xu9rBX8UTWY_Gerard P  Craughwell  - speech from  16 Apr 2019.wav,Gerard P Craughwell,gerard p craughwell
fPcRIZ1sPvU_Deputy Michael McGrath - Government Business - 18 .wav,Deputy Michael McGrath,michael mcgrath
4cH6OxnN-ag_Deputy Joe McHugh - Government Business - 05.03.20.wav,Deputy Joe McHugh,joe mchugh
d1DjvxF6C8c_Senator Jennifer O'Connor - speech from 13 Jun 201.wav,Senator Jennifer O'Connor,jennifer o'connor
WNfrJv1tug8_Deputy Micheál Martin - Leaders’ Questions - 17 Se.wav,Deputy Micheál Martin,micheal martin
5rGsoGOu4Sc_Deputy Jennifer Murnane O'Connor -  speech from 24.wav,Deputy Jennifer Murnane O'Connor,jennifer murnane o'connor
XGUG8mTIM0g_Senator Aodhán Ó Ríordáin - Order of Business - 15.wav,Senator Aodhán Ó Ríordáin,aodhan o riordain
g8o_RQ3JmVA_Senator Michelle Mulherin - speech from 25 Sep 201.wav,Senator Michelle Mulherin,michelle mulherin
igAyI6C91Gw_Deputy Micheál Martin - Leaders’ Questions - 05.03.wav,Deputy Micheál Martin,micheal martin
DMbwlPAxES0_Senator Pádraig MacLochlainn - speech from 26 Jun .wav,Senator Pádraig MacLochlainn,padraig maclochlainn
Pmuo6dnxVe8_Deputy David Cullinane - Private Members’ Business.wav,Deputy David Cullinane,david cullinane
R8VrMystYlU_Senator Ivana Bacik - speech from 11 Jun 2019.wav,Senator Ivana Bacik,ivana bacik
aVbco-S47kU_Senator Aodhán Ó Ríordáin - speech from 25 Sep 201.wav,Senator Aodhán Ó Ríordáin,aodhan o riordain
WfLmODrDdXw_Senator David P.B. Norris - speech from 9 May 2019.wav,Senator David P.B. Norris,david p.b. norris
c3XR4qe5Qas_Deputy Mick Wallace - Priority Questions - 18.04.2.wav,Deputy Mick Wallace,mick wallace
uccVtwlpPn0_Deputy Jackie Cahill - Priority Questions - 9 May .wav,Deputy Jackie Cahill,jackie cahill
2L8cuMgIiZU_Deputy Mattie McGrath - Order of Business - 16.04..wav,Deputy Mattie McGrath,mattie mcgrath
6f-cPGA7BTk_Deputy Brendan Ryan - Private Members’ Business - .wav,Deputy Brendan Ryan,brendan ryan
dAgbtWquIug_Deputy Jack Chambers - Private Members’ Business -.wav,Deputy Jack Chambers,jack chambers
-ipHLOml9ZU_Deputy Jennifer Murnane O'Connor - speech from 18 .wav,Deputy Jennifer Murnane O'Connor,jennifer murnane o'connor
FblLmhcXrLU_Senator Gabrielle McFadden - speech from 12 Jun 20.wav,Senator Gabrielle McFadden,gabrielle mcfadden
y8Xovx241qg_Deputy Mattie McGrath - Topical Issues - 16.04.201.wav,Deputy Mattie McGrath,mattie mcgrath
PhevseEIm-A_Seanad Chamber - Europe Day 2019.wav,Seanad Chamber,seanad chamber
7bKbpbZ2T7I_Deputy Mick Barry - Private Members’ Business - 12.wav,Deputy Mick Barry,mick barry
h0LhDTjyUQ8_Senator Joe O'Reilly- Fine Gael -speech from 31May.wav,Senator Joe O'Reilly,joe o'reilly
CU1D-DF43Ws_Senator  Joe O'Reilly- speech from 6 Jul 2021.wav,Senator Joe O'Reilly,joe o'reilly
h27try2siBM_Deputy Michael Fitzmaurice - Order of Business - 2.wav,Deputy Michael Fitzmaurice,michael fitzmaurice
LxL15N5OCC8_Senator Alice-Mary Higgins - speech from 8 May 201.wav,Senator Alice,alice
MDRJyz2X6Ng_Senator Gerald Nash - speech from 12 Jul 2019.wav,Senator Gerald Nash,gerald nash
tG0ywlUiKWE_Deputy Noel Grealish - Private Members’ Business -.wav,Deputy Noel Grealish,noel grealish
6StilUKGgAE_Deputy James Lawless - Government Business - 19 Ju.wav,Deputy James Lawless,james lawless
wteuufdMmII_Deputy Mattie McGrath - Questions on Promised Legi.wav,Deputy Mattie McGrath,mattie mcgrath
zpuHn9m57rU_Deputy Catherine Connolly - Private Members’ Busin.wav,Deputy Catherine Connolly,catherine connolly
mACUM8utCRU_Deputy Pat Casey - Private Members’ Business - 18 .wav,Deputy Pat Casey,pat casey
L15F_v5nSs8_David P B  Norris - speech from  09 Apr 2019.wav,David P B Norris,david p b norris
fF_zNwxen48_Senator Joe O'Reilly - speech from 31 Aug 2021.wav,Senator Joe O'Reilly,joe o'reilly
49DKHwIoIAk_Deputy Seamus Healy - Government Business - 19 Sep.wav,Deputy Seamus Healy,seamus healy
NuPBOBMfpJo_Senator Joe O'Reilly - speech from 24 Sep 2019.wav,Senator Joe O'Reilly,joe o'reilly
5BU3lYWH8j8_Deputy Michael Fitzmaurice - Government Business -.wav,Deputy Michael Fitzmaurice,michael fitzmaurice
NIhVh5FOqNM_Deputy Helen McEntee - Government Business - 19 Ju.wav,Deputy Helen McEntee,helen mcentee
sz_dhs9N6qA_Deputy Kathleen Funchion - Government Business - 0.wav,Deputy Kathleen Funchion,kathleen funchion
iMTguGN7sXo_Deputy Mattie McGrath - Private Members’ Business .wav,Deputy Mattie McGrath,mattie mcgrath
2hYD-yru6Ms_Senator Michelle Mulherin - speech from 21 May 201.wav,Senator Michelle Mulherin,michelle mulherin
YkPJ5cyg6ug_Deputy Charlie McConalogue - Questions on Promised.wav,Deputy Charlie McConalogue,charlie mcconalogue
KPjA8GQMBHI_Deputy Peter Burke - Government Business - 10.04.2.wav,Deputy Peter Burke,peter burke
yhPXhUiULDk_Senator Joe O'Reilly-- speech from 1 Jun 2021.wav,Senator Joe O'Reilly,joe o'reilly
v5Ms_NhaMgo_Jennifer Murnane O'Connor - speech from  09 Apr 20.wav,Jennifer Murnane O'Connor,jennifer murnane o'connor
kBtWyayXgXM_Senator Gerard P. Craughwell - speech from 28 May .wav,Senator Gerard P. Craughwell,gerard p. craughwell
YLC_wODxciQ_Deputy Mick Wallace - Other Questions - 16.04.2019.wav,Deputy Mick Wallace,mick wallace
Nkwc-lCh9O8_Deputy Denise Mitchell - Priority Questions - 10 J.wav,Deputy Denise Mitchell,denise mitchell
Lpvnh_pBiu4_Deputy Michael Moynihan - Other Questions - 07.03..wav,Deputy Michael Moynihan,michael moynihan
tod-ic6Idy8_Senator Jennifer Murnane O'Connor - speech from 24.wav,Senator Jennifer Murnane O'Connor,jennifer murnane o'connor
zV0Q1j4PSl4_Deputy Mattie McGrath - Government Business - 27.0.wav,Deputy Mattie McGrath,mattie mcgrath
HSiagSCGrzg_Deputy Carol Nolan - Questions on Promised Legisla.wav,Deputy Carol Nolan,carol nolan
pIk4LdWo50Q_Deputy Mick Wallace - Other Questions - 13 Jun 201.wav,Deputy Mick Wallace,mick wallace
xxFRDsC-Uj4_David P B  Norris - speech from  10 Apr 2019.wav,David P B Norris,david p b norris
LAv6E6LqEWc_Deputy Willie O'Dea - Priority Questions - 25 Sep .wav,Deputy Willie O'Dea,willie o'dea
I1zbJdoQ9zw_Deputy Aodhán Ó Ríordáin – speech from 17 Sep 2020.wav,Deputy Aodhán Ó Ríordáin,aodhan o riordain
ewXHRWS9PFk_Jerry Buttimer - speech from  17 Apr 2019.wav,Jerry Buttimer,jerry buttimer
xXXWIoB6A84_Deputy Mick Wallace - Government Business - 12 Jun.wav,Deputy Mick Wallace,mick wallace
ZCDrQ5nBPzY_Senator Gerry Horkan - Order of Business - 8 May 2.wav,Senator Gerry Horkan,gerry horkan
IyRPeeynJ7c_Deputy Willie Penrose - Private Members’ Business .wav,Deputy Willie Penrose,willie penrose
O-0tJfQjlGs_Deputy Jennifer Murnane O'Connor - speech from 18 .wav,Deputy Jennifer Murnane O'Connor,jennifer murnane o'connor
0x6A21LQebI_Deputy Joan Burton - Order of Business - 8 May 201.wav,Deputy Joan Burton,joan burton
3nXS4MJ86RU_Deputy Paul Kehoe - speech from 9 Jul 2019.wav,Deputy Paul Kehoe,paul kehoe
Mn6Qz5lMGXM_Ivana Bacik - speech from  18 Apr 2019.wav,Ivana Bacik,ivana bacik
mm9IN1vHRYM_Gerry Horkan - speech from  18 Apr 2019.wav,Gerry Horkan,gerry horkan
DQDZig3brDk_Senator Joe O'Reilly - speech from 18 Dec 2020.wav,Senator Joe O'Reilly,joe o'reilly
oRYkz-O1v-8_Deputy Catherine Martin - Topical Issues - 07.03.2.wav,Deputy Catherine Martin,catherine martin
Rlp1dNfboFE_Senator Joe O'Reilly - speech from 26 Jan 2021.wav,Senator Joe O'Reilly,joe o'reilly
FoREvrYZUWM_Senator Pádraig MacLochlainn - speech from 13 Jun .wav,Senator Pádraig MacLochlainn,padraig maclochlainn
9wZBpH0x8y8_Deputy Joan Burton - Other Questions - 8 May 2019.wav,Deputy Joan Burton,joan burton
sAivYWv7MkE_Senator Rónán Mullen - speech from 8 May 2019.wav,Senator Rónán Mullen,ronan mullen
Br_cl5uhZuc_Senator Joe O'Reilly - speech from 26 Jan 2021.wav,Senator Joe O'Reilly,joe o'reilly
iIiPIMhBiNs_Deputy Seán Sherlock - Government Business - 19 Se.wav,Deputy Seán Sherlock,sean sherlock
BHiaWSIQ2Bw_Deputy Shane Cassells - Other Questions - 22 May 2.wav,Deputy Shane Cassells,shane cassells
pJ7Ly3tpqyE_Senator Fintan Warfield - speech from 24 Sep 2019.wav,Senator Fintan Warfield,fintan warfield
2sOoE4wMWi0_Deputy Denis Naughten - Questions on Promised Legi.wav,Deputy Denis Naughten,denis naughten
uA5oEyFiqc8_Deputy Michael Healy-Rae - Priority Questions - 19.wav,Deputy Michael Healy,michael healy
7_8oNk3pLww_Senator Maura Hopkins - speech from 19 Jun 2019.wav,Senator Maura Hopkins,maura hopkins
m9OyDCey2DQ_Deputy Kevin O'Keeffe - Private Members’ Business .wav,Deputy Kevin O'Keeffe,kevin o'keeffe
i6NJcMJvdmA_Senator Joe O'Reilly - speech from 2 Jun 2022.wav,Senator Joe O'Reilly,joe o'reilly
SFME9S-L0Rs_Deputy Danny Healy-Rae - Private Members’ Business.wav,Deputy Danny Healy,danny healy
5RdGg8pv7h8_Deputy Tom Neville - Questions on Promised Legisla.wav,Deputy Tom Neville,tom neville
fqzOhJy6gDA_Deputy Brendan Smith - Topical Issues - 19 Sep 201.wav,Deputy Brendan Smith,brendan smith
mCoXAB4H1eQ_Senator Victor Boyhan - speech from 25 Sep 2019.wav,Senator Victor Boyhan,victor boyhan
OyqvBhHMASE_Deputy Thomas Pringle - Other Questions - 06.03.20.wav,Deputy Thomas Pringle,thomas pringle
Yf9OCupRpnw_David P B  Norris - speech from  17 Apr 2019.wav,David P B Norris,david p b norris
NxUci0bzvIc_Deputy Gino Kenny - Priority Questions - 13.03.201.wav,Deputy Gino Kenny,gino kenny
sU0ZIw1bhvI_Deputy Brendan Ryan - Private Members’ Business - .wav,Deputy Brendan Ryan,brendan ryan
gQj007YGRvg_Senator Rose Conway-Walsh - speech from 9 Jul 2019.wav,Senator Rose Conway,rose conway
4rfAlyhCLk8_Deputy Éamon Ó Cuív - Private Members’ Business - .wav,Deputy Éamon Ó Cuív,eamon o cuiv
kCyvKIbk0jU_Deputy Maureen O'Sullivan - Government Business - .wav,Deputy Maureen O'Sullivan,maureen o'sullivan
tCPhzjbYfdE_Senator Alice-Mary Higgins - speech from 12 Jun 20.wav,Senator Alice,alice
do_oZHcz7t0_Aodhán Ó Ríordáin - speech from  09 Apr 2019.wav,Aodhán Ó Ríordáin,aodhan o riordain
yUkqZ9eSjzY_Terry Leyden - speech from  18 Apr 2019.wav,Terry Leyden,terry leyden
ByRp4T-pqjA_David P B  Norris - speech from  17 Apr 2019.wav,David P B Norris,david p b norris
VRsNjtUHEgc_Deputy Mattie McGrath - Order of Business - 8 May .wav,Deputy Mattie McGrath,mattie mcgrath
JAZKsNZLD5I_David P B  Norris  - speech from  16 Apr 2019.wav,David P B Norris,david p b norris
O5H73ijkY5k_Ivana Bacik - speech from  09 Apr 2019.wav,Ivana Bacik,ivana bacik
69uXfBttg0A_Senator Frances Black - speech from 25 Sep 2019.wav,Senator Frances Black,frances black
galH4QXpVxQ_Senator Colm Burke - speech from 16 May 2019.wav,Senator Colm Burke,colm burke
yUGwRBTmP6A_Senator Joe O'Reilly- speech from 14 Oct 2021.wav,Senator Joe O'Reilly,joe o'reilly
OF_2KbYvdFI_Deputy Fiona O'Loughlin - Private Members’ Busines.wav,Deputy Fiona O'Loughlin,fiona o'loughlin
GjpQTFqqvao_Deputy Paul Murphy - Government Business - 19 Sep .wav,Deputy Paul Murphy,paul murphy
K1WpPCLmBGQ_Deputy Michael Healy-Rae - Private Members’ Busine.wav,Deputy Michael Healy,michael healy
AKEHarjKcrI_Senator Ned O'Sullivan - speech from 9 Jul 2019.wav,Senator Ned O'Sullivan,ned o'sullivan
E4ygOgt1TQs_Deputy Tony McLoughlin - Other Questions - 12.03.2.wav,Deputy Tony McLoughlin,tony mcloughlin
CyBaPIN-llQ_Deputy Bobby Aylward - Private Members’ Business -.wav,Deputy Bobby Aylward,bobby aylward
2tUUz7wtYBI_Senator Maria Byrne - speech from 25 Sep 2019.wav,Senator Maria Byrne,maria byrne
9hUWLCVSFoo_Senator Gerard P. Craughwell - Order of Business -.wav,Senator Gerard P. Craughwell,gerard p. craughwell
WnN433u6vfU_Senator Catherine Ardagh - Order of Business - 8 M.wav,Senator Catherine Ardagh,catherine ardagh
U9ry-jqs9vY_Senator Michael McDowell - speech from 9 May 2019.wav,Senator Michael McDowell,michael mcdowell
1c0wZis6AJc_Deputy Paul Murphy - Questions on Promised Legisla.wav,Deputy Paul Murphy,paul murphy
2JwdaTEF_0o_Deputy Mattie McGrath - Order of Business - 25 Jun.wav,Deputy Mattie McGrath,mattie mcgrath
g3lgd3bUGJE_Deputy John Halligan - Government Business - 19 Ju.wav,Deputy John Halligan,john halligan
pDIocus6oxs_Senator Joe O'Reilly - speech from 22 Mar 2021.wav,Senator Joe O'Reilly,joe o'reilly
HeRR2izh5Hc_Deputy Seán Haughey - Government Business - 18 Sep.wav,Deputy Seán Haughey,sean haughey
B9Fnwo3oVDA_Senator Joe O'Reilly - speech from 7 Sept 2021.wav,Senator Joe O'Reilly,joe o'reilly
rOU2OhSI030_Deputy Mattie McGrath - Private Members’ Business .wav,Deputy Mattie McGrath,mattie mcgrath
fRGVZLhcliE_Deputy Pat Deering - Private Members’ Business - 2.wav,Deputy Pat Deering,pat deering
bxj5dKYYhCE_Deputy Fergus O'Dowd - Oral Questions - 07.03.2019.wav,Deputy Fergus O'Dowd,fergus o'dowd
QhRwcL0C_FM_Deputy Éamon Ó Cuív - Topical Issues - 8 May 2019.wav,Deputy Éamon Ó Cuív,eamon o cuiv
IchlwI_aOFY_Deputy Joan Burton - Topical Issues - 06.03.2019.wav,Deputy Joan Burton,joan burton
IPLbKUngb-Y_Senator Lynn Ruane - speech from 14 Oct 2020.wav,Senator Lynn Ruane,lynn ruane
2z7OtIvsPZ4_Senator Joe O'Reilly- speech from 15 Jul 2021.wav,Senator Joe O'Reilly,joe o'reilly
MHHQB9dYdUE_Senator Joe O'Reilly- speech from 8 Dec 2021.wav,Senator Joe O'Reilly,joe o'reilly
loZLFwlWHj4_Deputy Mary Lou McDonald - Leaders’ Questions - 9 .wav,Deputy Mary Lou McDonald,mary lou mcdonald
F0NnjUCUB80_Deputy Joe McHugh- speech from 1 Apr 2021.wav,Deputy Joe McHugh,joe mchugh
ihqTEDbgNnA_Senator Paul Gavan - speech from 22 May 2019.wav,Senator Paul Gavan,paul gavan
IVKMErFHOQM_Deputy Simon Harris - Government Business - 05.03..wav,Deputy Simon Harris,simon harris
jH5sKBb2sXM_Senator Joe O'Reilly - speech from 28 Feb 2023.wav,Senator Joe O'Reilly,joe o'reilly
LrqdRjxB0Bg_Senator James Reilly - speech from 22 May 2019.wav,Senator James Reilly,james reilly
mPoR80oumD4_Deputy Fiona O'Loughlin - Private Members’ Busines.wav,Deputy Fiona O'Loughlin,fiona o'loughlin
J1ur53sk6A4_Frances Black - speech from  10 Apr 2019.wav,Frances Black,frances black
pae1YVFh5xI_Deputy Robert Troy - Private Members’ Business - 1.wav,Deputy Robert Troy,robert troy
Qq5SLofMMB4_Deputy Mattie McGrath - Topical Issues - 29 May 20.wav,Deputy Mattie McGrath,mattie mcgrath
3DOiPTgcYyE_Deputy Michael Moynihan - Questions on Promised Le.wav,Deputy Michael Moynihan,michael moynihan
9vEtR72_AY0_John Dolan - speech from  09 Apr 2019.wav,John Dolan,john dolan
TC8YloJw5x4_Billy Lawless  - speech from  11 Apr 2019.wav,Billy Lawless,billy lawless
-wIsQVao0Vk_David P B  Norris - speech from  17 Apr 2019.wav,David P B Norris,david p b norris
IdoSCuhsxuA_Deputy Joan Collins - Private Members’ Business - .wav,Deputy Joan Collins,joan collins
YE1NUsREyR4_Deputy Mattie McGrath - Private Members’ Business .wav,Deputy Mattie McGrath,mattie mcgrath
wvxcszdtkog_Senator Joe O'Reilly - speech from 8 Jun 2021.wav,Senator Joe O'Reilly,joe o'reilly
psxZCfbKihk_Deputy Michael Fitzmaurice - Topical Issues - 11 J.wav,Deputy Michael Fitzmaurice,michael fitzmaurice
XoH0BeIWqJI_Deputy Brendan Howlin - Questions on Promised Legi.wav,Deputy Brendan Howlin,brendan howlin
BxrGlVtJv14_Michelle Mulherin - speech from  18 Apr 2019.wav,Michelle Mulherin,michelle mulherin
3L7XEol-h80_Senator Gerard P. Craughwell - speech from 28 May .wav,Senator Gerard P. Craughwell,gerard p. craughwell
btwk4twGU9w_Deputy Peadar Tóibín - Topical Issues - 27.03.2019.wav,Deputy Peadar Tóibín,peadar toibin
UyHjvCKbpmU_Deputy Éamon Ó Cuív - Government Business - 29 May.wav,Deputy Éamon Ó Cuív,eamon o cuiv
cNVJEBeYOnY_Deputy Mattie McGrath - Government Business - 11 J.wav,Deputy Mattie McGrath,mattie mcgrath
PPy0IVN6w7I_Senator Joe O'Reilly- Fine Gael - speech from 17 M.wav,Senator Joe O'Reilly,joe o'reilly
CYGAwqr12ac_Senator Joe O'Reilly- speech from 23 Mar 2022.wav,Senator Joe O'Reilly,joe o'reilly
rYaXLc_aTOk_Senator Joan Freeman - speech from 25 Jun 2019.wav,Senator Joan Freeman,joan freeman
wkVQaSE3XlU_Deputy Josepha Madigan - Government Business - 29 .wav,Deputy Josepha Madigan,josepha madigan
FARcIl_LHDs_Senator Catherine Noone - speech from 26 Jun 2019.wav,Senator Catherine Noone,catherine noone
IA1lS4jNiDc_Deputy Gino Kenny - Government Business - 18.04.20.wav,Deputy Gino Kenny,gino kenny
5Ig4ZEoxKlU_Deputy Éamon Ó Cuív   - speech from 16 Oct 2019.wav,Deputy Éamon Ó Cuív,eamon o cuiv
XnAykdbRt50_Rónán Mullen - speech from  17 Apr 2019.wav,Rónán Mullen,ronan mullen
kzTkxOMxj-w_Senator Gerard P. Craughwell - speech from 5 Nov 2.wav,Senator Gerard P. Craughwell,gerard p. craughwell
mWuiTfPA2QY_Deputy Imelda Munster - Other Questions - 9 Jul 20.wav,Deputy Imelda Munster,imelda munster
igde1dKg3co_Deputy Carol Nolan - Questions on Promised Legisla.wav,Deputy Carol Nolan,carol nolan
MBJSfhwY2Qg_Deputy Marcella Corcoran Kennedy - Government Busi.wav,Deputy Marcella Corcoran Kennedy,marcella corcoran kennedy
UoQ_B206r58_Senator Fintan Warfield - speech from 23 Oct 2020.wav,Senator Fintan Warfield,fintan warfield
seZPhmbk6-k_Deputy Richard Boyd Barrett - speech from 15 Oct 2.wav,Deputy Richard Boyd Barrett,richard boyd barrett
Zpx9ePhKjuo_Deputy Mick Wallace - Other Questions - 26.03.2019.wav,Deputy Mick Wallace,mick wallace
gS9LleVF4-g_Senator Rónán Mullen - speech from 16 May 2019.wav,Senator Rónán Mullen,ronan mullen
ccpPHI2IR_M_Deputy Willie O'Dea - Topical Issues - 18 Jun 2019.wav,Deputy Willie O'Dea,willie o'dea
5zRR9wLswcI_Deputy Mick Wallace - Private Members’ Business - .wav,Deputy Mick Wallace,mick wallace
xkjuex1UdT0_Deputy Jennifer Murnane O'Connor - speech from 21 .wav,Deputy Jennifer Murnane O'Connor,jennifer murnane o'connor
4yiZhWwjAdc_Senator Ivana Bacik - Order of Business - 8 May 20.wav,Senator Ivana Bacik,ivana bacik
xG0n-xrixvg_Senator Robbie Gallagher - speech from 25 Sep 2019.wav,Senator Robbie Gallagher,robbie gallagher
LIVHH2-g1Y8_Senator Anthony Lawlor - speech from 9 Jul 2019.wav,Senator Anthony Lawlor,anthony lawlor
oqn28GS8UFs_Senator David P.B. Norris - speech from 16 May 201.wav,Senator David P.B. Norris,david p.b. norris
6L4k_GJltis_Deputy Brendan Smith - speech from 15 Oct 2019.wav,Deputy Brendan Smith,brendan smith
wN7bydBEM_c_Senator Jerry Buttimer - speech from 16 May 2019.wav,Senator Jerry Buttimer,jerry buttimer
JNia2cCTjVk_Senator Joe O'Reilly-- speech from 5 Apr 2022.wav,Senator Joe O'Reilly,joe o'reilly
78H4aWABTtA_Deputy Mattie McGrath - Government Business - 2 Oc.wav,Deputy Mattie McGrath,mattie mcgrath
f8W71BWfgcw_Deputy Mick Wallace - Other Questions - 11 Jun 201.wav,Deputy Mick Wallace,mick wallace
RW0f469siaA_Deputy Mary Lou McDonald - Leaders’ Questions - 05.wav,Deputy Mary Lou McDonald,mary lou mcdonald
A_utTV03Wwo_Senator Colm Burke - speech from 11 Jun 2019.wav,Senator Colm Burke,colm burke
AZ3aV-uJmMU_Deputy Eugene Murphy - Other Questions - 15 May 20.wav,Deputy Eugene Murphy,eugene murphy
IVPf8WXxdDg_Billy Lawless - speech from  09 Apr 2019.wav,Billy Lawless,billy lawless
8OSGuI0UhXw_Deputy David Cullinane - Leaders’ Questions - 4 Ju.wav,Deputy David Cullinane,david cullinane
"twd6x4ibgN4_Senator Victor Boyhan, John Paul Phelan - speech f.wav","Senator Victor Boyhan, John Paul Phelan","victor boyhan, john paul phelan"
H2-THxZAwf8_Senator Joe O'Reilly - Fine Gael - speech from 23 .wav,Senator Joe O'Reilly,joe o'reilly
w8upNw94JZg_Senator Fintan Warfield - speech from 29 Jun 2020.wav,Senator Fintan Warfield,fintan warfield
0Kkn-SUNtmU_Senator Paudie Coffey - speech from 26 Sep 2019.wav,Senator Paudie Coffey,paudie coffey
TEAsQSfruWU_Deputy Timmy Dooley - Government Business - 20 Jun.wav,Deputy Timmy Dooley,timmy dooley
DmXvi-jbgX4_Deputy Carol Nolan - Government Business - 9 Jul 2.wav,Deputy Carol Nolan,carol nolan
dwVLI-rletM_Michael McDowell - speech from  17 Apr 2019.wav,Michael McDowell,michael mcdowell
M-TqG2thtB0_Deputy Dessie Ellis - Private Members’ Business - .wav,Deputy Dessie Ellis,dessie ellis
7fDhg6aSgRY_Deputy Mattie McGrath - Government Business - 10 J.wav,Deputy Mattie McGrath,mattie mcgrath
u_KQsulg_1A_Deputy Danny Healy-Rae - Private Members’ Business.wav,Deputy Danny Healy,danny healy
bEgMqIMxdMA_Paudie Coffey - speech from  17 Apr 2019.wav,Paudie Coffey,paudie coffey
AaUuCu5FfdY_Deputy Thomas Byrne - Government Business - 05.03..wav,Deputy Thomas Byrne,thomas byrne
Re1_Gdxjc2U_Senator Terry Leyden - speech from 11 Jun 2019.wav,Senator Terry Leyden,terry leyden
N4ZoQf0x0_M_Senator Ivana Bacik - speech from 18 Jun 2019.wav,Senator Ivana Bacik,ivana bacik
psXQXpLe86M_Deputy Michael D'Arcy - Government Business - 12.0.wav,Deputy Michael D'Arcy,michael d'arcy
BXbqq5Uh5-0_Deputy Dara Calleary - Leaders’ Questions  - 16 Ma.wav,Deputy Dara Calleary,dara calleary
y7eg2mfZxDU_Senator Pádraig MacLochlainn - speech from 25 Sep .wav,Senator Pádraig MacLochlainn,padraig maclochlainn
AbJHeFbRM0s_Deputy Mattie McGrath - Government Business - 4 Ju.wav,Deputy Mattie McGrath,mattie mcgrath
kJQqOqw3rMM_Senator Joe O'Reilly - Fine Gael - speech from 26 .wav,Senator Joe O'Reilly,joe o'reilly
BEihjTMr3B0_Deputy Jennifer Murnane O'Connor - speech from 1 M.wav,Deputy Jennifer Murnane O'Connor,jennifer murnane o'connor
atRzho6uzGM_Senator Gerard P. Craughwell - speech from 29 May .wav,Senator Gerard P. Craughwell,gerard p. craughwell
sbmNTCX77FM_David P B  Norris  - speech from  16 Apr 2019.wav,David P B Norris,david p b norris
9tZEv3S8MXU_Senator Anthony Lawlor - speech from 3 Jul 2019.wav,Senator Anthony Lawlor,anthony lawlor
6Qn5as1WUc4_Senator Michelle Mulherin - Order of Business - 15.wav,Senator Michelle Mulherin,michelle mulherin
O0y9chPZcfo_Senator Joe O'Reilly- speech from 25 Jan 2022.wav,Senator Joe O'Reilly,joe o'reilly
L1Xxjb8RhuY_Deputy Aengus Ó Snodaigh - Government Business - 1.wav,Deputy Aengus Ó Snodaigh,aengus o snodaigh
PGnQ7yehsio_Senator Joe O'Reilly- speech from 15 Dec 2021.wav,Senator Joe O'Reilly,joe o'reilly
ct8sVobG13I_Deputy Mattie McGrath - Questions on Promised Legi.wav,Deputy Mattie McGrath,mattie mcgrath
YR1DHD5gcSI_Deputy Seán Crowe - Questions on Promised Legislat.wav,Deputy Seán Crowe,sean crowe
dOp5j-17eIA_Senator David P.B. Norris - Order of Business - 14.wav,Senator David P.B. Norris,david p.b. norris
5Cia1zvJSKY_Deputy Carol Nolan - Questions on Promised Legisla.wav,Deputy Carol Nolan,carol nolan
VtgMO7XDCPY_Deputy Jennifer Murnane O'Connor – speech from 26 .wav,Deputy Jennifer Murnane O'Connor,jennifer murnane o'connor
VdOkOk7pyB0_Deputy Fergus O'Dowd - Topical Issues - 9 May 2019.wav,Deputy Fergus O'Dowd,fergus o'dowd
kVSQFTn8XhY_Kevin Humphreys  - speech from  16 Apr 2019.wav,Kevin Humphreys,kevin humphreys
Lc9LepOzjBw_Senator Niall Ó Donnghaile - speech from 24 Sep 20.wav,Senator Niall Ó Donnghaile,niall o donnghaile
jccYhbyJldQ_Deputy Martin Ferris - Topical Issues - 30 May 201.wav,Deputy Martin Ferris,martin ferris
v4Jo4a9b2EM_Senator Alice-Mary Higgins - speech from 24 Sep 20.wav,Senator Alice,alice
yiGodyguAXk_Deputy Pearse Doherty - Private Members’ Business .wav,Deputy Pearse Doherty,pearse doherty
DutOJJtjM-E_Ivana Bacik - speech from  10 Apr 2019.wav,Ivana Bacik,ivana bacik
aAaCVhE64QM_Deputy Seán Sherlock - Government Business - 12 Ju.wav,Deputy Seán Sherlock,sean sherlock
huy5Cgpr15Q_Deputy Michael Fitzmaurice - Private Members’ Busi.wav,Deputy Michael Fitzmaurice,michael fitzmaurice
p9tneRwU1-w_Deputy Jonathan O'Brien - Private Members’ Busines.wav,Deputy Jonathan O'Brien,jonathan o'brien
RTXzSwBl6f4_Deputy Eoin Ó Broin - Topical Issues - 06.03.2019.wav,Deputy Eoin Ó Broin,eoin o broin
TuTipZaOZzs_Deputy Brian Stanley - Private Members’ Business -.wav,Deputy Brian Stanley,brian stanley
cawFWKEYE3k_Deputy Pearse Doherty - Priority Questions - 17.04.wav,Deputy Pearse Doherty,pearse doherty
9VBmOjHRUwM_Senator Marie-Louise O'Donnell - Order of Business.wav,Senator Marie,marie
8RDnaigsMq4_Senator Pádraig MacLochlainn - speech from 29 May .wav,Senator Pádraig MacLochlainn,padraig maclochlainn
Bt-lY4K_7U4_Senator Joe O'Reilly- speech from 19 Oct 2021.wav,Senator Joe O'Reilly,joe o'reilly
KpXDUES3EBw_Deputy Mattie McGrath - speech from 9 May 2019.wav,Deputy Mattie McGrath,mattie mcgrath
UO1ppwk-Y4Q_Deputy Eamon Scanlon - Topical Issues - 14 May 201.wav,Deputy Eamon Scanlon,eamon scanlon
tciPECb_GXg_Deputy Richard Boyd Barrett - speech from 15 Oct 2.wav,Deputy Richard Boyd Barrett,richard boyd barrett
AcNhKdlMlaA_Deputy Peter Fitzpatrick - Order of Business - 05..wav,Deputy Peter Fitzpatrick,peter fitzpatrick
JOs5Ns-rkLw_Senator John O'Mahony - speech from 11 Jun 2019.wav,Senator John O'Mahony,john o'mahony
vby34j2MpxQ_Senator Paul Daly - speech from 26 Jun 2019.wav,Senator Paul Daly,paul daly
YUrAr57IZzM_Senator Gerard P. Craughwell - speech from 15 May .wav,Senator Gerard P. Craughwell,gerard p. craughwell
BZVGvpusm9k_Deputy Jennifer Murnane O'Connor - speech from 1 M.wav,Deputy Jennifer Murnane O'Connor,jennifer murnane o'connor
NP4R-nVniRg_Senator Joe O'Reilly- speech from 12 Feb 2021.wav,Senator Joe O'Reilly,joe o'reilly
sc-Qlb_McNE_Deputy Danny Healy-Rae - Private Members’ Business.wav,Deputy Danny Healy,danny healy
G74OgNtS9ow_Senator Lynn Ruane - speech from 25 Sep 2019.wav,Senator Lynn Ruane,lynn ruane
6-wmMd-_RQ4_Deputy Declan Breathnach - Government Business - 0.wav,Deputy Declan Breathnach,declan breathnach
lalF-HA5zBQ_Deputy Eamon Scanlon - Government Business - 19 Ju.wav,Deputy Eamon Scanlon,eamon scanlon
Nv1IbytO02Y_Deputy Éamon Ó Cuív - Private Members’ Business - .wav,Deputy Éamon Ó Cuív,eamon o cuiv
AeB8TKhsUn8_Senator Rónán Mullen - speech from 21 May 2019.wav,Senator Rónán Mullen,ronan mullen
h9uDyPZlAiI_Deputy Eugene Murphy - Topical Issues - 06.03.2019.wav,Deputy Eugene Murphy,eugene murphy
3y_DGt2_2FQ_Deputy Mattie McGrath - Priority Questions - 07.03.wav,Deputy Mattie McGrath,mattie mcgrath
xFHSYJRZYNk_Deputy Martin Kenny - Government Business - 17 Sep.wav,Deputy Martin Kenny,martin kenny
NTtGZdp4ZvY_Deputy Eoin Ó Broin - Priority Questions - 18 Sep .wav,Deputy Eoin Ó Broin,eoin o broin
rQEqXUr3oX8_Ian Marshall - speech from  09 Apr 2019.wav,Ian Marshall,ian marshall
TW1f_jt5nw0_Deputy Mattie McGrath - Order of Business - 9 Jul .wav,Deputy Mattie McGrath,mattie mcgrath
soVrdXyMG1w_Senator John O'Mahony - speech from 1 Oct 2019.wav,Senator John O'Mahony,john o'mahony
o3m1NonUgo0_Senator Paul Coghlan - speech from 24 Sep 2019.wav,Senator Paul Coghlan,paul coghlan
EfkElAqTkmM_Deputy Joan Burton - Other Questions - 18.04.2019.wav,Deputy Joan Burton,joan burton
UTsP1AYOTLQ_Deputy Eoin Ó Broin - Government Business - 20 Jun.wav,Deputy Eoin Ó Broin,eoin o broin
i7zI8FLEnBg_Deputy Michael Moynihan - Private Members’ Busines.wav,Deputy Michael Moynihan,michael moynihan
jR0FQPZijM4_Maria Byrne- speech from  09 Apr 2019.wav,Maria Byrne,maria byrne
A21V6dSPd2c_Deputy Richard Boyd-Barrett - speech from 23 Oct 2.wav,Deputy Richard Boyd,richard boyd
MZ0YIMs1aK4_Senator Lynn Ruane - Private Members’ Business - 8.wav,Senator Lynn Ruane,lynn ruane
xWi9H1RrOVY_Deputy Willie Penrose - Priority Questions - 30 Ma.wav,Deputy Willie Penrose,willie penrose
hHm4JLB8RkM_Deputy Mattie McGrath - Private Members’ Business .wav,Deputy Mattie McGrath,mattie mcgrath
CKzLklTf6Tg_Senator Gerard P. Craughwell - speech from 10 Jul .wav,Senator Gerard P. Craughwell,gerard p. craughwell
fJ04f4M6eZA_Senator Joe O'Reilly- speech from 9 Feb 2022.wav,Senator Joe O'Reilly,joe o'reilly
gxf79BspDGE_Senator Michael McDowell - speech from 24 Sep 2019.wav,Senator Michael McDowell,michael mcdowell
u2y48jBq88w_Maura Hopkins - speech from  17 Apr 2019.wav,Maura Hopkins,maura hopkins
7o1zmu4zYWg_Michelle Mulherin - speech from  10 Apr 2019.wav,Michelle Mulherin,michelle mulherin
65NrGTgWpfo_Senator Frank Feighan - speech from 16 May 2019.wav,Senator Frank Feighan,frank feighan
F4pnpfUHGrg_Senator Maura Hopkins - Order of Business - 15 May.wav,Senator Maura Hopkins,maura hopkins
0HofLm5ph_w_Michael McDowell - speech from  09 Apr 2019.wav,Michael McDowell,michael mcdowell
ztM3_LxaQ_8_Senator Gerard P. Craughwell - speech from 28 May .wav,Senator Gerard P. Craughwell,gerard p. craughwell
ukcRZtn0osc_Deputy Mattie McGrath - Questions on Promised Legi.wav,Deputy Mattie McGrath,mattie mcgrath
gIL4YWueKXE_Senator Victor Boyhan - speech from 21 May 2019.wav,Senator Victor Boyhan,victor boyhan
UmJsPSF7lYE_Deputy Mattie McGrath - Government Business - 9 Ju.wav,Deputy Mattie McGrath,mattie mcgrath
0T27MzUQlO4_Senator Paul Daly - speech from 3 Oct 2019.wav,Senator Paul Daly,paul daly
KJUm8BlXUBo_Senator Gerry Horkan - speech from 26 Jun 2019.wav,Senator Gerry Horkan,gerry horkan
VjLfGYPtbuw_Deputy Tom Neville - Questions on Promised Legisla.wav,Deputy Tom Neville,tom neville
eKi8Sh0Yl2Y_Deputy Éamon Ó Cuív - Government Business - 28 May.wav,Deputy Éamon Ó Cuív,eamon o cuiv
Cu6vBrp3KXo_Senator Frank Feighan - speech from 11 Jun 2019.wav,Senator Frank Feighan,frank feighan
uldWXxxfWvA_Deputy Mattie McGrath - Government Business - 3 Oc.wav,Deputy Mattie McGrath,mattie mcgrath
wZCKR0CNlYM_Deputy Joe Carey - Fine Gael - speech from 20 May .wav,Deputy Joe Carey,joe carey
Exga27Fiv4c_Deputy Fergus O'Dowd - Government Business - 05.03.wav,Deputy Fergus O'Dowd,fergus o'dowd
3G4ag79-haY_Deputy Mattie McGrath - Private Members’ Business .wav,Deputy Mattie McGrath,mattie mcgrath
mGfased9qBo_Senator Colette Kelleher - speech from - 14 May 20.wav,Senator Colette Kelleher,colette kelleher
2TcskN-2a5I_Deputy Éamon Ó Cuív - Private Members’ Business - .wav,Deputy Éamon Ó Cuív,eamon o cuiv
-YmpuTe9QN4_Deputy Denise Mitchell - Government Business - 2 O.wav,Deputy Denise Mitchell,denise mitchell
PTRXoGf-wn8_Deputy Mattie McGrath - Government Business - 9 Ju.wav,Deputy Mattie McGrath,mattie mcgrath
bONT51SY9Aw_David P B  Norris - speech from  10 Apr 2019.wav,David P B Norris,david p b norris
-_bzFJv0PzI_Deputy Mattie McGrath - Government Business - 10.0.wav,Deputy Mattie McGrath,mattie mcgrath
5H7bUTLFTkc_Deputy Martin Heydon - Other Questions - 19 Sep 20.wav,Deputy Martin Heydon,martin heydon
X1WLuhjWQHc_Deputy Fergus O'Dowd - Government Business - 27 Ju.wav,Deputy Fergus O'Dowd,fergus o'dowd
J_S5quP8gLw_Deputy Mattie McGrath - Questions on Promised Legi.wav,Deputy Mattie McGrath,mattie mcgrath
7V-Lhib_Ce4_Senator Catherine Ardagh - speech from 21 May 2019.wav,Senator Catherine Ardagh,catherine ardagh
QTH69EhFAu0_Deputy Catherine Connolly - Private Members’ Busin.wav,Deputy Catherine Connolly,catherine connolly
afgEuyaFvNY_Deputy Brendan Ryan - Government Business - 26.03..wav,Deputy Brendan Ryan,brendan ryan
h0OHdqDLXPY_Senator Gerard P. Craughwell - speech from 26 Jun .wav,Senator Gerard P. Craughwell,gerard p. craughwell
VUsyaTLGxwQ_Deputy Charlie McConalogue - Questions on Promised.wav,Deputy Charlie McConalogue,charlie mcconalogue
v-Hcl0yjSxE_Deputy Peter Fitzpatrick - Questions on Promised L.wav,Deputy Peter Fitzpatrick,peter fitzpatrick
TVL1ySpGrlM_Deputy Kathleen Funchion - Priority Questions - 25.wav,Deputy Kathleen Funchion,kathleen funchion
RMaswV7jdEo_Senator Tim Lombard - speech from 24 Sep 2019.wav,Senator Tim Lombard,tim lombard
bXiBiFIj3bA_Deputy Charlie McConalogue - Government Business -.wav,Deputy Charlie McConalogue,charlie mcconalogue
Yzj0Xxk4Xj4_Deputy Niamh Smyth - Topical Issues - 3 Oct 2019.wav,Deputy Niamh Smyth,niamh smyth
3R9rclfry-k_Senator Pádraig Ó Céidigh - speech from 9 Jul 2019.wav,Senator Pádraig Ó Céidigh,padraig o ceidigh
8DwB06BrThk_Deputy Andrew Doyle - Private Members’ Business - .wav,Deputy Andrew Doyle,andrew doyle
dggP023w4Tg_Deputy Imelda Munster - Order of Business - 05.03..wav,Deputy Imelda Munster,imelda munster
tq-M9Awi-jg_Deputy Martin Heydon - Government Business - 13.03.wav,Deputy Martin Heydon,martin heydon
4D_jWH-f0EU_Deputy Carol Nolan - Private Members’ Business - 1.wav,Deputy Carol Nolan,carol nolan
yrGRgVyLoos_Deputy Éamon Ó Cuív - Other Questions - 22 May 201.wav,Deputy Éamon Ó Cuív,eamon o cuiv
k7kgRwoUWDE_Deputy Dessie Ellis - Government Business  - 8 May.wav,Deputy Dessie Ellis,dessie ellis
B6EvpQZqahg_Senator Joe O'Reilly  - speech from 10 Nov 2021.wav,Senator Joe O'Reilly,joe o'reilly
aerObcOsx44_Deputy Martin Ferris - Private Members’ Business -.wav,Deputy Martin Ferris,martin ferris
hfrjSlQ0mA0_Gabrielle McFadden - speech from  17 Apr 2019.wav,Gabrielle McFadden,gabrielle mcfadden
bJ_x3z20h-U_Deputy James Lawless - Private Members’ Business -.wav,Deputy James Lawless,james lawless
snx2erc4EOc_Deputy John Curran - Other Questions - 13.03.2019.wav,Deputy John Curran,john curran
NCPAEAUI8Vg_Senator Alice-Mary Higgins - speech from 15 May 20.wav,Senator Alice,alice
Nz4KtHgORw4_Deputy John Curran - Topical Issues - 24 Sep 2019.wav,Deputy John Curran,john curran
ETN5AdnNJ4o_Senator Gerard P. Craughwell - speech from 13 Jun .wav,Senator Gerard P. Craughwell,gerard p. craughwell
8M44THTe0JI_David P B  Norris - speech from  10 Apr 2019.wav,David P B Norris,david p b norris
XF7NiqCLYXA_Deputy Paul Murphy - Private Members’ Business - 1.wav,Deputy Paul Murphy,paul murphy
mHnamqUts0w_Deputy Simon Harris - Government Business - 16.04..wav,Deputy Simon Harris,simon harris
HGY0pag_1S4_Deputy Stephen Donnelly - Private Members’ Busines.wav,Deputy Stephen Donnelly,stephen donnelly
-2PjYSUck-o_Senator Gerry Horkan - speech from 25 Sep 2019.wav,Senator Gerry Horkan,gerry horkan
0u3XrhzdkwE_Deputy Darragh O'Brien - Private Members’ Business.wav,Deputy Darragh O'Brien,darragh o'brien
cVaCk7hLUmc_Deputy Willie Penrose - Private Members’ Business .wav,Deputy Willie Penrose,willie penrose
WuQ1a_Idb8g_Deputy Mattie McGrath - Government Business - 24 S.wav,Deputy Mattie McGrath,mattie mcgrath
hjcLVqRGRBY_Senator Máire Devine - speech from 14 May 2019.wav,Senator Máire Devine,maire devine
_P6VzA5bs10_Deputy Mattie McGrath - Order of Business - 16.04..wav,Deputy Mattie McGrath,mattie mcgrath
Bnp4nZWn4dA_Deputy Róisín Shortall - Private Members’ Business.wav,Deputy Róisín Shortall,roisin shortall
rs59F6VXDh0_Deputy Michael Fitzmaurice - Private Members’ Busi.wav,Deputy Michael Fitzmaurice,michael fitzmaurice
dhSEtIZSsCQ_David P B  Norris - speech from  10 Apr 2019.wav,David P B Norris,david p b norris
uzo5lr82zQo_Deputy Lisa Chambers - Private Members’ Business -.wav,Deputy Lisa Chambers,lisa chambers
8uA31XV-uRA_Deputy John Curran - Other Questions - 15 May 2019.wav,Deputy John Curran,john curran
ejo-cGrzyJI_Senator Lorraine Clifford-Lee - speech from 21 May.wav,Senator Lorraine Clifford,lorraine clifford
PRwLd7BXpN4_Senator Lorraine Clifford-Lee - speech from 14 May.wav,Senator Lorraine Clifford,lorraine clifford
-bBaPvTuUyU_Deputy Brendan Smith - Government Business - 06.03.wav,Deputy Brendan Smith,brendan smith
e5q6FfuVpNo_Senator Gerard P. Craughwell - speech from 13 Jun .wav,Senator Gerard P. Craughwell,gerard p. craughwell
5raNgSO89oI_Deputy Michael Fitzmaurice - Private Members’ Busi.wav,Deputy Michael Fitzmaurice,michael fitzmaurice
TQvdOV7HJdQ_Deputy Mattie McGrath - Government Business - 2 Oc.wav,Deputy Mattie McGrath,mattie mcgrath
PIB6kGLQC-4_Deputy Mattie McGrath - Government Business - 10 J.wav,Deputy Mattie McGrath,mattie mcgrath
uqm4KLe4WHs_Deputy Robert Troy - Private Members’ Business - 2.wav,Deputy Robert Troy,robert troy
5e7r5oYmVV0_Senator Keith Swanick - speech from 8 Oct 2019.wav,Senator Keith Swanick,keith swanick
SmFLYbT6qTc_Deputy Jennifer Murnane O'Connor – speech from 02 .wav,Deputy Jennifer Murnane O'Connor,jennifer murnane o'connor
2tmjcpUmXV8_Colm Burke  - speech from  11 Apr 2019.wav,Colm Burke,colm burke
I4nxz-Czf18_Senator Joe O'Reilly- speech from 8 Feb 2022.wav,Senator Joe O'Reilly,joe o'reilly
1SgmP3N_Cto_Deputy Kathleen Funchion - Government Business - 1.wav,Deputy Kathleen Funchion,kathleen funchion
bD6IRv_1UlQ_Senator Maria Byrne - speech from 28 May 2019.wav,Senator Maria Byrne,maria byrne
QdaO3p3SATU_Deputy Ruth Coppinger - Leaders’ Questions - 13 Ju.wav,Deputy Ruth Coppinger,ruth coppinger
nFJxreyXIIY_Deputy Neale Richmond - speech from 24 Nov 2020.wav,Deputy Neale Richmond,neale richmond
ncUOV_kZ4HE_Deputy Pat the Cope Gallagher - Priority Questions.wav,Deputy Pat the Cope Gallagher,pat the cope gallagher
QzGI42QGkJ0_Senator Gabrielle McFadden - speech from 29 May 20.wav,Senator Gabrielle McFadden,gabrielle mcfadden
uddPkzffk3o_Senator Terry Leyden - speech from 28 May 2019.wav,Senator Terry Leyden,terry leyden
WOUVPnja9F4_Deputy Michael Fitzmaurice - Topical Issues - 27.0.wav,Deputy Michael Fitzmaurice,michael fitzmaurice
iErKiGxqwpI_Senator Gerard P. Craughwell - speech from 26 Jun .wav,Senator Gerard P. Craughwell,gerard p. craughwell
ZNoWNW5T6vA_Senator Joe O'Reilly - speech from 3 Dec 2020.wav,Senator Joe O'Reilly,joe o'reilly
53TJHXNxE8I_Deputy Kathleen Funchion - Government Business - 9.wav,Deputy Kathleen Funchion,kathleen funchion
0FniqhnHgBc_Senator Gerard P. Craughwell - speech from 3 Oct 2.wav,Senator Gerard P. Craughwell,gerard p. craughwell
NyBqfeWKHtI_Senator Victor Boyhan - Commencement Matters - 8 M.wav,Senator Victor Boyhan,victor boyhan
jIZz76vZA9o_Senator Maria Byrne - speech from 12 Jun 2019.wav,Senator Maria Byrne,maria byrne
_xQd0K6t0s0_Deputy Dara Calleary - Private Members’ Business -.wav,Deputy Dara Calleary,dara calleary
NqrZPBqmflA_Deputy Mick Wallace - Government Business - 17.04..wav,Deputy Mick Wallace,mick wallace
e6KzABen2lk_Deputy Mattie McGrath - Government Business - 10.0.wav,Deputy Mattie McGrath,mattie mcgrath
1Yqu_YRsefs_Deputy Niall Collins - Priority Questions - 17 Sep.wav,Deputy Niall Collins,niall collins
uYe-TYqMd1E_Deputy Jim O'Callaghan - Government Business - 10..wav,Deputy Jim O'Callaghan,jim o'callaghan
k_7aGrVOS7g_Senator Rose Conway-Walsh - speech from 21 May 201.wav,Senator Rose Conway,rose conway
t-xhjZ6s1so_Senator Aodhán Ó Ríordáin - Commencement Matters -.wav,Senator Aodhán Ó Ríordáin,aodhan o riordain
-lkBS0GrNzo_Deputy Heather Humphreys - Government Business - 0.wav,Deputy Heather Humphreys,heather humphreys
7vcJIZzaRJ4_Catherine Noone  - speech from  11 Apr 2019.wav,Catherine Noone,catherine noone
u587Rpi5tsM_David P B  Norris - speech from  10 Apr 2019.wav,David P B Norris,david p b norris
Mj5bcPSby0I_Deputy Michael Fitzmaurice - Private Members’ Busi.wav,Deputy Michael Fitzmaurice,michael fitzmaurice
J-J-Pe2crHA_Deputy Joan Burton - Other Questions - 17.04.2019.wav,Deputy Joan Burton,joan burton
s4hGHrf37Ig_Deputy Stephen Donnelly - Government Business - 05.wav,Deputy Stephen Donnelly,stephen donnelly
EaFU4qKGyTs_Deputy Michael Fitzmaurice - Private Members’ Busi.wav,Deputy Michael Fitzmaurice,michael fitzmaurice
C5_5e2yIVIw_Deputy Éamon Ó Cuív - Private Members’ Business - .wav,Deputy Éamon Ó Cuív,eamon o cuiv
a1PBR9CFSsE_Deputy Éamon Ó Cuív - Other Questions - 26 Jun 201.wav,Deputy Éamon Ó Cuív,eamon o cuiv
D6e_0ODpc1M_Deputy Mary Mitchell O'Connor - Government Busines.wav,Deputy Mary Mitchell O'Connor,mary mitchell o'connor
ERt4h_RDFTc_Deputy Eamon Ryan - Priority Questions - 07.03.201.wav,Deputy Eamon Ryan,eamon ryan
lnWnabSXj8k_Deputy Mattie McGrath - Questions on Promised Legi.wav,Deputy Mattie McGrath,mattie mcgrath
ipBR1bKVseI_Deputy Simon Harris - Government Business - 19 Jun.wav,Deputy Simon Harris,simon harris
BmyA97s9S4w_Senator Jerry Buttimer - Order of Business - 8 May.wav,Senator Jerry Buttimer,jerry buttimer
fhZ5bRDsNV4_Senator Tim Lombard - speech from 16 May 2019.wav,Senator Tim Lombard,tim lombard
EsqvoKMzSVY_Deputy Michael Fitzmaurice - Government Business -.wav,Deputy Michael Fitzmaurice,michael fitzmaurice
foBdXMmjrDk_Deputy John Brady - Priority Questions - 30 May 20.wav,Deputy John Brady,john brady
ZhBVCEp9wPs_Deputy Donnchadh Ó Laoghaire - Government Business.wav,Deputy Donnchadh Ó Laoghaire,donnchadh o laoghaire
MjSMn4fSUic_Deputy Mick Wallace - Leaders’ Questions - 10.04.2.wav,Deputy Mick Wallace,mick wallace
Kb3_BnOnTg0_Deputy Michael Fitzmaurice - Government Business -.wav,Deputy Michael Fitzmaurice,michael fitzmaurice
SdqphTh2H_M_David P B  Norris - speech from  10 Apr 2019.wav,David P B Norris,david p b norris
nRDcBPJSJqk_Deputy Catherine Connolly - Private Members’ Busin.wav,Deputy Catherine Connolly,catherine connolly
e8k35T1S98k_Deputy Shane Cassells - Private Members’ Business .wav,Deputy Shane Cassells,shane cassells
FsUSML1mdXk_Senator Gerard P. Craughwell - speech from 9 Jul 2.wav,Senator Gerard P. Craughwell,gerard p. craughwell
-bU9t7Wp3aA_Deputy Éamon Ó Cuív - Government Business - 26 Jun.wav,Deputy Éamon Ó Cuív,eamon o cuiv
_vYOJdLm11M_Senator Gerard P. Craughwell - speech from 3 Jul 2.wav,Senator Gerard P. Craughwell,gerard p. craughwell
zUEtJc_RwUo_Deputy Joan Burton - Taoiseach’s Questions - 05.03.wav,Deputy Joan Burton,joan burton
cPa5LPUyTQI_Deputy Eamon Ryan - Priority Questions  - 14 May 2.wav,Deputy Eamon Ryan,eamon ryan
nWzqu8JSkI0_Senator Pádraig Ó Céidigh - speech from 25 Sep 201.wav,Senator Pádraig Ó Céidigh,padraig o ceidigh
FWwSjL4R0j8_Senator Ivana Bacik - Private Members’ Business - .wav,Senator Ivana Bacik,ivana bacik
AbmDSVc6_wE_Senator Gerard P. Craughwell - speech from 24 Sep .wav,Senator Gerard P. Craughwell,gerard p. craughwell
VlS5x6B9Y8o_Senator Joe O'Reilly - speech from 29 Jun 2020.wav,Senator Joe O'Reilly,joe o'reilly
ZTy2CUPgDbg_Senator Mark Daly - speech from 11 Jul 2019.wav,Senator Mark Daly,mark daly
hrHpZyhfSSI_Deputy Mattie McGrath - Private Members’ Business .wav,Deputy Mattie McGrath,mattie mcgrath
E9aq8tguiAw_Deputy John Lahart - Government Business - 29 May .wav,Deputy John Lahart,john lahart
UF9ulZ4CaKU_Deputy Róisín Shortall - Order of Business - 21 Ma.wav,Deputy Róisín Shortall,roisin shortall
Z7K6CLI8idY_Deputy Thomas P. Broughan - Priority Questions - 0.wav,Deputy Thomas P. Broughan,thomas p. broughan
XZZ1fxMfpuI_Deputy Tom Neville - Government Business - 10.04.2.wav,Deputy Tom Neville,tom neville
pmdzHLDNgtE_Deputy Mattie McGrath - Questions on Promised Legi.wav,Deputy Mattie McGrath,mattie mcgrath
oML6ruK7Kk0_Senator Joe O'Reilly - speech from 2 Feb 2022.wav,Senator Joe O'Reilly,joe o'reilly
qhvT8rti62A_Deputy Mick Wallace - Private Members’ Business - .wav,Deputy Mick Wallace,mick wallace
MWA2yRTNg28_Grace O'Sullivan - speech from  18 Apr 2019.wav,Grace O'Sullivan,grace o'sullivan
RXLm7J7epg0_Senator Martin Conway - speech from 26 Jun 2019.wav,Senator Martin Conway,martin conway
nBDao46FaSA_Maura Hopkins - speech from  09 Apr 2019.wav,Maura Hopkins,maura hopkins
SphzafMbjDE_Deputy Bríd Smith - Order of Business - 17 Sep 201.wav,Deputy Bríd Smith,brid smith
4QZeHGSBKm4_Deputy James Lawless - Private Members’ Business -.wav,Deputy James Lawless,james lawless
rWAQugYUKBI_Senator Niall Ó Donnghaile - Order of Business - 1.wav,Senator Niall Ó Donnghaile,niall o donnghaile
XAA8WNlJcrA_Senator Joe O'Reilly - Fine Gael - speech from 23 .wav,Senator Joe O'Reilly,joe o'reilly
mWB1_3CkfoE_Deputy Jennifer Murnane O'Connor - speech from 04 .wav,Deputy Jennifer Murnane O'Connor,jennifer murnane o'connor
Hvfgy_16ui8_Keith Swanick  - speech from  10 Apr 2019.wav,Keith Swanick,keith swanick
FLbhq5F-g_A_Senator Ivana Bacik - speech from 12 Jul 2019.wav,Senator Ivana Bacik,ivana bacik
VBtsLTcm8ls_Senator Joan Freeman - speech from 29 May 2019.wav,Senator Joan Freeman,joan freeman
upKoTc2ZI88_Deputy Carol Nolan - Order of Business - 24 Sep 20.wav,Deputy Carol Nolan,carol nolan
cAyzoqptT9U_Deputy Mattie McGrath - Priority Questions - 3 Oct.wav,Deputy Mattie McGrath,mattie mcgrath
q7a50YAMSe0_Deputy Joan Burton - Questions on Promised Legisla.wav,Deputy Joan Burton,joan burton
b2gN0wsm7lc_Deputy Danny Healy-Rae - Order of Business - 05.03.wav,Deputy Danny Healy,danny healy
78vRIRPtDRY_Deputy Margaret Murphy O'Mahony - Government Busin.wav,Deputy Margaret Murphy O'Mahony,margaret murphy o'mahony
d9OS0_uD1Gc_Deputy Catherine Murphy - Government Business - 9 .wav,Deputy Catherine Murphy,catherine murphy
BEhk7gyZUwo_Senator Paddy Burke - speech from 24 Sep 2019.wav,Senator Paddy Burke,paddy burke
LzmpyIaN4nY_Senator Joe O'Reilly - speech from 17 Jul 2020.wav,Senator Joe O'Reilly,joe o'reilly
wYehXWBnq_s_Senator Jerry Buttimer - speech from 21 May 2019.wav,Senator Jerry Buttimer,jerry buttimer
OI87VRsGry8_Deputy Mattie McGrath - Private Members’ Business .wav,Deputy Mattie McGrath,mattie mcgrath
NgdWjqm2WDc_Deputy Denise Mitchell - Government Business - 13..wav,Deputy Denise Mitchell,denise mitchell
eQqOTC6fSk8_Deputy John Brady - Leaders’ Questions - 18 Sep 20.wav,Deputy John Brady,john brady
5OkdBGXeXsM_Deputy Martin Kenny - Topical Issues - 13 Jun 2019.wav,Deputy Martin Kenny,martin kenny
Hw_nvNvrW0k_Deputy Thomas Byrne - Priority Questions - 8 May 2.wav,Deputy Thomas Byrne,thomas byrne
JG3qVfniHnM_Senator Paul Gavan - speech from 11 Jun 2019.wav,Senator Paul Gavan,paul gavan
-k_Z7Z9U11k_Senator Robbie Gallagher - Commencement Matters - .wav,Senator Robbie Gallagher,robbie gallagher
v_IjCWhMbVo_Deputy Helen McEntee - Government Business - 17.04.wav,Deputy Helen McEntee,helen mcentee
cJC0Wb1vD6c_Deputy Joan Burton - Taoiseach’s Questions - 17 Se.wav,Deputy Joan Burton,joan burton
T_3fSS5YgxI_Senator Maura Hopkins - speech from 22 May 2019.wav,Senator Maura Hopkins,maura hopkins
OH-qXdj7FSw_Neale Richmond - speech from  10 Apr 2019.wav,Neale Richmond,neale richmond
x53D-wLQ6lM_Deputy Róisín Shortall - Government Business - 16..wav,Deputy Róisín Shortall,roisin shortall
RPLUN5Wbj4I_David P B  Norris - speech from  10 Apr 2019.wav,David P B Norris,david p b norris
XKw6hVfeOik_David P B  Norris  - speech from  11 Apr 2019.wav,David P B Norris,david p b norris
-jHQlbbXQRA_Deputy Mattie McGrath - Private Members’ Business .wav,Deputy Mattie McGrath,mattie mcgrath
N0LnfPFmCb8_Senator John Dolan - speech from 29 May 2019.wav,Senator John Dolan,john dolan
79LWep1rRkk_Grace O'Sullivan - speech from  09 Apr 2019.wav,Grace O'Sullivan,grace o'sullivan
8t-5p29FTsg_Senator Joe O'Reilly- speech from 26 Mar 2021.wav,Senator Joe O'Reilly,joe o'reilly
h8TSe8UKHpw_Senator Joe O'Reilly - speech from 14 Jul 2021.wav,Senator Joe O'Reilly,joe o'reilly
Rz-UfN7Bss8_Senator Colm Burke - speech from 12 Jul 2019.wav,Senator Colm Burke,colm burke
skI6navg9nI_Deputy Thomas Pringle - Leaders’ Questions - 17 Se.wav,Deputy Thomas Pringle,thomas pringle
0r3MdoweYQ8_Deputy Ciaran Cannon - Government Business - 11.04.wav,Deputy Ciaran Cannon,ciaran cannon
SXCEDynxSwo_Senator Gerard P. Craughwell - speech from 11 Jun .wav,Senator Gerard P. Craughwell,gerard p. craughwell
aDENvFy7my4_Deputy Seán Fleming - Topical Issues - 10.04.2019.wav,Deputy Seán Fleming,sean fleming
Zx0E4dH-iT0_Senator Joe O'Reilly- speech from 8 Mar 2021.wav,Senator Joe O'Reilly,joe o'reilly
kvEtfr5IUcY_Deputy Dara Calleary - Topical Issues - 13.03.2019.wav,Deputy Dara Calleary,dara calleary
sDjVoK4cxVE_Deputy Aindrias Moynihan - Government Business - 1.wav,Deputy Aindrias Moynihan,aindrias moynihan
r6I-iWTIVfA_Deputy Mick Wallace - Government Business - 16.04..wav,Deputy Mick Wallace,mick wallace
XoSglRplbuo_David P B  Norris  - speech from  16 Apr 2019.wav,David P B Norris,david p b norris
oQSU2CAc_UE_Deputy Mattie McGrath - Questions on Promised Legi.wav,Deputy Mattie McGrath,mattie mcgrath
O6m1RGTfqok_Senator Joe O'Reilly - speech from 23 Mar 2022.wav,Senator Joe O'Reilly,joe o'reilly
n3tvgSScQ2s_Senator David P.B. Norris - speech from 11 Jun 201.wav,Senator David P.B. Norris,david p.b. norris
DGn-Gt1DB2A_Senator Colette Kelleher - speech from 3 Oct 2019.wav,Senator Colette Kelleher,colette kelleher
jLLFuPlO0vk_Pádraig Ó Céidigh - speech from  17 Apr 2019.wav,Pádraig Ó Céidigh,padraig o ceidigh
FmkupHD0HX8_Catherine Ardagh - speech from  16 Apr 2019.wav,Catherine Ardagh,catherine ardagh
oIOw95P62nc_Deputy Catherine Murphy - Order of Business - 05.0.wav,Deputy Catherine Murphy,catherine murphy
ZLOGnHjo92o_Deputy Peadar Tóibín - Order of Business - 21 May .wav,Deputy Peadar Tóibín,peadar toibin
IpCK4V1vWMg_Deputy Jennifer Murnane O'Connor - speech from 5 M.wav,Deputy Jennifer Murnane O'Connor,jennifer murnane o'connor
OhsEQnnQ8ps_Senator Michael McDowell - speech from 9 May 2019.wav,Senator Michael McDowell,michael mcdowell
36ZufxygB2A_Deputy Mick Wallace - Government Business - 17.04..wav,Deputy Mick Wallace,mick wallace
kRDNyti3Ogk_Deputy Louise O'Reilly - Priority Questions - 15 M.wav,Deputy Louise O'Reilly,louise o'reilly
r0TJW5Aqrik_Senator Lorraine Clifford-Lee - speech from 8 May .wav,Senator Lorraine Clifford,lorraine clifford
hyYfcvRQXE0_Deputy Caoimhghín Ó Caoláin - Government Business .wav,Deputy Caoimhghín Ó Caoláin,caoimhghin o caolain
DI9w_MCGSl4_Senator Joe O'Reilly- Fine Gael -speech from 17 Ma.wav,Senator Joe O'Reilly,joe o'reilly
JZELkM8ohmc_Deputy Seán Fleming - Private Members’ Business - .wav,Deputy Seán Fleming,sean fleming
DmtFA-yrha8_Kevin Humphreys - speech from  18 Apr 2019.wav,Kevin Humphreys,kevin humphreys
SA8marVKtvQ_Deputy Éamon Ó Cuív - Priority Questions - 07.03.2.wav,Deputy Éamon Ó Cuív,eamon o cuiv
Breli2RRQEc_Martin Conway - speech from  17 Apr 2019.wav,Martin Conway,martin conway
SmclqneLY9U_Deputy Michael Fitzmaurice - Government Business -.wav,Deputy Michael Fitzmaurice,michael fitzmaurice
NaWKsDyyUVI_Deputy John Brady - Topical Issues - 11 Jul 2019.wav,Deputy John Brady,john brady
JP8SDrr7BoA_Deputy Niamh Smyth - Order of Business - 26.03.201.wav,Deputy Niamh Smyth,niamh smyth
yqP2q2c3VpI_Deputy Barry Cowen - Priority Questions - 20 Jun 2.wav,Deputy Barry Cowen,barry cowen
wZHBI_H8FPs_Deputy Mary Lou McDonald - Leaders’ Questions - 14.wav,Deputy Mary Lou McDonald,mary lou mcdonald
GLa3kQ2DE0Y_Paul Gavan- speech from  16 Apr 2019.wav,Paul Gavan,paul gavan
2g2mvvCyi_0_Senator Michelle Mulherin - speech from 26 Jun 201.wav,Senator Michelle Mulherin,michelle mulherin
I08tR3IOIQ0_Deputy Brendan Smith - Government Business - 11 Ju.wav,Deputy Brendan Smith,brendan smith
8Y0A9M4kNVs_Deputy Margaret Murphy O'Mahony - Questions on Pro.wav,Deputy Margaret Murphy O'Mahony,margaret murphy o'mahony
L0azMtYzx1o_Deputy Joan Burton - Other Questions - 06.03.2019.wav,Deputy Joan Burton,joan burton
mBNSZsSTuVs_Deputy Mick Wallace - Government Business - 27.03..wav,Deputy Mick Wallace,mick wallace
-aq19Zo9JTQ_Senator Lorraine Clifford-Lee - speech from 12 Jul.wav,Senator Lorraine Clifford,lorraine clifford
SBBK2NS9iH8_Deputy Jackie Cahill - Government Business - 17 Se.wav,Deputy Jackie Cahill,jackie cahill
swQUpLTT7AU_Catherine Ardagh - speech from  18 Apr 2019.wav,Catherine Ardagh,catherine ardagh
fIclmkXllzA_Senator Gerard P. Craughwell - Order of Business -.wav,Senator Gerard P. Craughwell,gerard p. craughwell
kQau7QOzFBk_Deputy Joe O'Reilly - speech from 28 Jul 2020.wav,Deputy Joe O'Reilly,joe o'reilly
mPRydr2GaNY_Deputy Seamus Healy - Private Members’ Business - .wav,Deputy Seamus Healy,seamus healy
-dnH-zJkVFc_Deputy Timmy Dooley - Government Business - 17 Sep.wav,Deputy Timmy Dooley,timmy dooley
qLKsMFtjJdg_Senator Mark Daly - speech from 16 May 2019.wav,Senator Mark Daly,mark daly
3vpy3m7c_5Q_Senator Mark Daly - speech from 13 Jun 2019.wav,Senator Mark Daly,mark daly
8Oxz9sl-JFc_Deputy Richard Boyd Barrett - Questions on Promise.wav,Deputy Richard Boyd Barrett,richard boyd barrett
F4rroUfsaMk_Deputy Pearse Doherty - Government Business - 05.0.wav,Deputy Pearse Doherty,pearse doherty
eWkCabnCvGA_Deputy Niamh Smyth - Questions on Promised Legisla.wav,Deputy Niamh Smyth,niamh smyth
8mSSY45cVOY_Senator Joe O'Reilly - speech from 8 Mar 2022.wav,Senator Joe O'Reilly,joe o'reilly
1CYbdAWMJx0_Senator Alice-Mary Higgins - speech from 29 May 20.wav,Senator Alice,alice
A-rWph-D_U8_Senator Michael McDowell - speech from 21 May 2019.wav,Senator Michael McDowell,michael mcdowell
S7jHJKO7uOw_David P B  Norris - speech from  18 Apr 2019.wav,David P B Norris,david p b norris
zM-kNAvrC_g_Deputy Jim O'Callaghan - Government Business - 19 .wav,Deputy Jim O'Callaghan,jim o'callaghan
8EVSSC1Mkcw_Deputy Willie Penrose - Private Members’ Business .wav,Deputy Willie Penrose,willie penrose
ydn2uzrNHh4_Deputy Mattie McGrath - Questions on Promised Legi.wav,Deputy Mattie McGrath,mattie mcgrath
K2OmSBKmD9I_Deputy Tom Neville - Order of Business - 12.03.201.wav,Deputy Tom Neville,tom neville
-fIUhUzH_G4_Deputy Róisín Shortall - Government Business - 13..wav,Deputy Róisín Shortall,roisin shortall
n_Po3UxfrsI_Senator Aodhán Ó Ríordáin - speech from 30 May 201.wav,Senator Aodhán Ó Ríordáin,aodhan o riordain
QByGf5mjGD4_Senator Joe O'Reilly - speech from 22 Jun 2021.wav,Senator Joe O'Reilly,joe o'reilly
O3mPXN2B2_o_Deputy Eamon Ryan - Private Members’ Business - 10.wav,Deputy Eamon Ryan,eamon ryan
iwm7Zb3edmA_Deputy John McGuinness - Questions on Promised Leg.wav,Deputy John McGuinness,john mcguinness
h3cgwLXyYYs_Deputy Tom Neville - Government Business - 27 Jun .wav,Deputy Tom Neville,tom neville
wmEyFrGNTnE_Deputy Michael Fitzmaurice - Private Members’ Busi.wav,Deputy Michael Fitzmaurice,michael fitzmaurice
eX34KOxwe9w_Senator Robbie Gallagher - speech from 16 May 2019.wav,Senator Robbie Gallagher,robbie gallagher
kxZyFnHfzGI_Deputy Seán Crowe - Priority Questions - 24 Sep 20.wav,Deputy Seán Crowe,sean crowe
8Ea03ZeLums_Deputy Mattie McGrath - Government Business - 27.0.wav,Deputy Mattie McGrath,mattie mcgrath
xtHYycvAgbE_Senator Joe O'Reilly- speech from 06 Oct 2021.wav,Senator Joe O'Reilly,joe o'reilly
7g6o1A8IdDY_Deputy Michael Fitzmaurice - Government Business -.wav,Deputy Michael Fitzmaurice,michael fitzmaurice
aFMInx7-gSA_Deputy Thomas Pringle - Private Members’ Business .wav,Deputy Thomas Pringle,thomas pringle
nMSHb3xmbTI_Deputy Carol Nolan - Government Business - 17 Sep .wav,Deputy Carol Nolan,carol nolan
WrJhx2iKJrU_Gerard P  Craughwell - speech from  18 Apr 2019.wav,Gerard P Craughwell,gerard p craughwell
d6b_oS-xF7w_Deputy Dara Calleary - Leaders’ Questions - 20 Jun.wav,Deputy Dara Calleary,dara calleary
G9IhFeBwSF8_Senator Gerard P. Craughwell - speech from 9 Jul 2.wav,Senator Gerard P. Craughwell,gerard p. craughwell
RtAuJzCEQ9Q_Senator  Joe O'Reilly- Fine Gael-speech from 25 Ju.wav,Senator Joe O'Reilly,joe o'reilly
3h1Y3JlQvx8_Deputy Mattie McGrath - speech from 8 May 2019.wav,Deputy Mattie McGrath,mattie mcgrath
TnvyKYsO6Lo_Deputy Mattie McGrath - Private Members’ Business .wav,Deputy Mattie McGrath,mattie mcgrath
BmAzpS00SBM_Deputy Michael D'Arcy - Private Members’ Business .wav,Deputy Michael D'Arcy,michael d'arcy
sLlTrWMqX20_Deputy Michael Fitzmaurice - Topical Issues - 11 J.wav,Deputy Michael Fitzmaurice,michael fitzmaurice
pqdsrIbI_Tc_Deputy Gino Kenny - Private Members’ Business - 07.wav,Deputy Gino Kenny,gino kenny
HLGsXYwbxF0_James Reilly - speech from  16 Apr 2019.wav,James Reilly,james reilly
R5sF0ZGQiEs_Senator Paddy Burke - speech from 11 Jun 2019.wav,Senator Paddy Burke,paddy burke
24oeW7oV--s_Deputy Charlie McConalogue - Priority Questions - .wav,Deputy Charlie McConalogue,charlie mcconalogue
K8XgVB9GQO4_Michael McDowell - speech from  17 Apr 2019.wav,Michael McDowell,michael mcdowell
YTbf3PKtY1U_Senator Tim Lombard - speech from 21 May 2019.wav,Senator Tim Lombard,tim lombard
emhK3bjQ-Bs_Deputy Kathleen Funchion - Government Business - 9.wav,Deputy Kathleen Funchion,kathleen funchion
GY2a-vvVV8c_Senator Aodhán Ó Ríordáin - speech from 21 May 201.wav,Senator Aodhán Ó Ríordáin,aodhan o riordain
MswHuG4WlqU_Deputy David Stanton - Government Business - 10.04.wav,Deputy David Stanton,david stanton
ukyNVZEMSMI_Senator Brian Ó Domhnaill - speech from 20 Jun 201.wav,Senator Brian Ó Domhnaill,brian o domhnaill
ldMMvcyym2U_Ivana Bacik - speech from  18 Apr 2019.wav,Ivana Bacik,ivana bacik
o6DVtu2oe-g_Deputy Damien English - Private Members’ Business .wav,Deputy Damien English,damien english
VRenIaYn0IY_Deputy Joan Burton - Taoiseach’s Questions - 16.04.wav,Deputy Joan Burton,joan burton
AH9vV6Qm-lo_Deputy Mattie McGrath - Private Members’ Business .wav,Deputy Mattie McGrath,mattie mcgrath
rNK3B-wKgNQ_Senator John Dolan - speech from 19 Jun 2019.wav,Senator John Dolan,john dolan
1x--4mLBiMI_Senator Paul Gavan - Order of Business - 14 May 20.wav,Senator Paul Gavan,paul gavan
goNTd5C_yaA_Senator Rónán Mullen - Order of Business - 8 May 2.wav,Senator Rónán Mullen,ronan mullen
aQhho38p17Q_David P B  Norris - speech from  10 Apr 2019.wav,David P B Norris,david p b norris
xxAogi7XfSs_Deputy Eugene Murphy - Private Members’ Business -.wav,Deputy Eugene Murphy,eugene murphy
gSom0uvq_xA_Victor Boyhan - speech from  17 Apr 2019.wav,Victor Boyhan,victor boyhan
uzaLue3wMfM_Deputy Pat the Cope Gallagher - Private Members’ B.wav,Deputy Pat the Cope Gallagher,pat the cope gallagher
ykFj-pRJLDs_Deputy Mattie McGrath - Order of Business - 19 Jun.wav,Deputy Mattie McGrath,mattie mcgrath
srgGMrEq8Uo_Senator Maria Byrne - speech from 22 May 2019.wav,Senator Maria Byrne,maria byrne
MFbc35e0S_M_Senator Alice-Mary Higgins - speech from 12 Jul 20.wav,Senator Alice,alice
3P_1wkPOM0Q_Deputy Maurice Quinlivan - Priority Questions - 27.wav,Deputy Maurice Quinlivan,maurice quinlivan
paAYUQ9r_Ls_Senator Lynn Ruane - Order of Business - 14 May 20.wav,Senator Lynn Ruane,lynn ruane
cS4PChfmjM4_Senator Gerard P. Craughwell - speech from 26 Jun .wav,Senator Gerard P. Craughwell,gerard p. craughwell
shEwd-mgJ7Y_Deputy Gerry Adams - Topical Issues - 27.03.2019.wav,Deputy Gerry Adams,gerry adams
fN75aCHdD3A_Deputy Gino Kenny - Questions on Promised Legislat.wav,Deputy Gino Kenny,gino kenny
rixHpC41_jM_Deputy Éamon Ó Cuív - Government Business - 29 May.wav,Deputy Éamon Ó Cuív,eamon o cuiv
Qerxc2u95dg_Deputy Éamon Ó Cuív - Priority Questions - 3 Jul 2.wav,Deputy Éamon Ó Cuív,eamon o cuiv
qlupuRopEGw_Deputy Bernard Durkan - Other Questions - 05.03.20.wav,Deputy Bernard Durkan,bernard durkan
e-FLqXQI9NU_Senator Anthony Lawlor - speech from 15 May 2019.wav,Senator Anthony Lawlor,anthony lawlor
n70dv8FtFs4_Deputy Mattie McGrath - Questions on Promised Legi.wav,Deputy Mattie McGrath,mattie mcgrath
TEOKDDfnivs_Senator Gerard P. Craughwell - speech from 9 Oct 2.wav,Senator Gerard P. Craughwell,gerard p. craughwell
VEjzh3UQ9Ow_Deputy Carol Nolan - Priority Questions  - 14 May .wav,Deputy Carol Nolan,carol nolan
K74AKv8JA0c_Senator Gerard P. Craughwell - speech from 26 Sep .wav,Senator Gerard P. Craughwell,gerard p. craughwell
rd4QFg8AGRo_Deputy Jonathan O'Brien - Government Business - 17.wav,Deputy Jonathan O'Brien,jonathan o'brien
0RPPSWMm04E_Deputy Michael McGrath - Priority Questions - 19 J.wav,Deputy Michael McGrath,michael mcgrath
xpgQ7kFXGtc_Deputy Mattie McGrath - Order of Business - 16.04..wav,Deputy Mattie McGrath,mattie mcgrath
njdbZm0_VXo_Deputy Mattie McGrath - Private Members’ Business .wav,Deputy Mattie McGrath,mattie mcgrath
smEwTXTWZyE_Deputy Mattie McGrath - Questions on Promised Legi.wav,Deputy Mattie McGrath,mattie mcgrath
ZEzoNkjVMBs_Senator Gerard P. Craughwell - speech from 10 Jul .wav,Senator Gerard P. Craughwell,gerard p. craughwell
sputmbSAAMk_Deputy Michael Fitzmaurice - Government Business -.wav,Deputy Michael Fitzmaurice,michael fitzmaurice
om7Z9DRDsFg_Deputy Maurice Quinlivan - Questions on Promised L.wav,Deputy Maurice Quinlivan,maurice quinlivan
TBn72MuMEUQ_Deputy Brendan Smith - Other Questions - 4 Jul 201.wav,Deputy Brendan Smith,brendan smith
c99pOiugyXw_Senator Pádraig Céidigh - speech from 29 May 2019.wav,Senator Pádraig Céidigh,padraig ceidigh
2I9zAf9W_ZA_Speech by Nancy Pelosi - 17.04.2019.wav,Speech by Nancy Pelosi,speech by nancy pelosi
-Jx60Gx9oOs_Deputy Brendan Smith - Other Questions - 20 Jun 20.wav,Deputy Brendan Smith,brendan smith
X-wZ8c69Vaw_Senator Gerard P. Craughwell - speech from 22 May .wav,Senator Gerard P. Craughwell,gerard p. craughwell
eAOce92B5f8_Deputy Michael Lowry - Expressions of Sympathy - 2.wav,Deputy Michael Lowry,michael lowry
ic68bhjO88s_Deputy Mick Wallace - Private Members’ Business - .wav,Deputy Mick Wallace,mick wallace
eYu_M9ivZQE_Deputy Tony McLoughlin - Other Questions - 3 Jul 2.wav,Deputy Tony McLoughlin,tony mcloughlin
icMIoEMrVt4_Senator Joe O'Reilly - speech from 05 Oct 2021.wav,Senator Joe O'Reilly,joe o'reilly
NbUX6vpgS2A_Senator Rónán Mullen - speech from 4 Jul 2019.wav,Senator Rónán Mullen,ronan mullen
wgs8saCjPv0_Deputy Joan Burton - Other Questions - 8 May 2019.wav,Deputy Joan Burton,joan burton
KpFpoTk1nh8_Deputy Kathleen Funchion - Other Questions - 06.03.wav,Deputy Kathleen Funchion,kathleen funchion
VivXCc_diIM_Deputy Joan Burton - Other Questions - 05.03.2019.wav,Deputy Joan Burton,joan burton
gj5xhbVpDsw_Senator Joe O'Reilly - speech from 3 Jul 2019.wav,Senator Joe O'Reilly,joe o'reilly
qVGsHwblc6I_David P B  Norris  - speech from  16 Apr 2019.wav,David P B Norris,david p b norris
G-M7mb-6gfQ_Robbie Gallagher - speech from  17 Apr 2019.wav,Robbie Gallagher,robbie gallagher
NpWtY01L7Ow_Senator Marie-Louise O'Donnell - speech from 11 Ju.wav,Senator Marie,marie
g_Cb0krVUEA_Senator Ivana Bacik - speech from 25 Sep 2019.wav,Senator Ivana Bacik,ivana bacik
PCd6VZBax5Y_Deputy Declan Breathnach - Government Business - 1.wav,Deputy Declan Breathnach,declan breathnach
NMQINYQNlvg_Deputy Mattie McGrath - Order of Business - 18 Jun.wav,Deputy Mattie McGrath,mattie mcgrath
u-6gxcXBveE_Deputy Denise Mitchell - Private Members’ Business.wav,Deputy Denise Mitchell,denise mitchell
xbYZcIExYVM_Deputy Pat the Cope Gallagher - Other Questions - .wav,Deputy Pat the Cope Gallagher,pat the cope gallagher
V7Ch0siqGfo_Senator Billy Lawless - speech from 12 Jun 2019.wav,Senator Billy Lawless,billy lawless
v0eQEmZQOWU_David P B  Norris - speech from  17 Apr 2019.wav,David P B Norris,david p b norris
SsF0vNBj2Fk_Maria Byrne  - speech from  16 Apr 2019.wav,Maria Byrne,maria byrne
1OUGarSLgmw_Deputy Maurice Quinlivan - Topical Issues - 14 May.wav,Deputy Maurice Quinlivan,maurice quinlivan
APUzKuSRJ0g_Deputy Aodhán Ó Ríordáin - speech from 27 Jun 2020.wav,Deputy Aodhán Ó Ríordáin,aodhan o riordain
hJxLOpy25x4_Deputy Anne Rabbitte - Questions on Promised Legis.wav,Deputy Anne Rabbitte,anne rabbitte
RAGUCfBI9FY_Aodhán Ó Ríordáin - speech from  16 Apr 2019.wav,Aodhán Ó Ríordáin,aodhan o riordain
9JzGMmZe1DI_Frank Feighan - speech from  17 Apr 2019.wav,Frank Feighan,frank feighan
o-6CuuMZ400_Deputy Mick Wallace - Government Business - 17.04..wav,Deputy Mick Wallace,mick wallace
5k9zZI9Ful8_Senator Gerard P. Craughwell - speech from 15 Oct .wav,Senator Gerard P. Craughwell,gerard p. craughwell
y5KIY9qMmUw_Deputy Ruth Coppinger - Priority Questions - 06.03.wav,Deputy Ruth Coppinger,ruth coppinger
BCzicEISqoA_Deputy Éamon Ó Cuív - Questions on Promised Legisl.wav,Deputy Éamon Ó Cuív,eamon o cuiv
eyT0rJ6Dpxg_Senator Frank Feighan - Order of Business - 15 May.wav,Senator Frank Feighan,frank feighan
va3wMdpWTL8_Deputy Helen McEntee - Government Business - 27.03.wav,Deputy Helen McEntee,helen mcentee
afaduYJKjfc_Deputy Thomas P. Broughan - Other Questions - 17 S.wav,Deputy Thomas P. Broughan,thomas p. broughan
43Z3WtyLUeQ_Deputy Paul Murphy - Leaders’ Questions - 05.03.20.wav,Deputy Paul Murphy,paul murphy
X_zbB1_cPAg_Deputy Caoimhghín Ó Caoláin - Private Members’ Bus.wav,Deputy Caoimhghín Ó Caoláin,caoimhghin o caolain
PZal2FiE4-Y_Senator Joe O'Reilly- speech from 23 Sep 2021.wav,Senator Joe O'Reilly,joe o'reilly
KmlO4Gqf4-I_Senator Joe O'Reilly - Fine Gael - speech from 10 .wav,Senator Joe O'Reilly,joe o'reilly
CFyyE3U7zbo_Gerald Nash - speech from  17 Apr 2019.wav,Gerald Nash,gerald nash
LSRR-e3Vgsk_Deputy Jan O'Sullivan - Private Members’ Business .wav,Deputy Jan O'Sullivan,jan o'sullivan
xk501mg0bwM_Senator Robbie Gallagher - speech from 22 May 2019.wav,Senator Robbie Gallagher,robbie gallagher
KvlHGwogkZ4_Deputy Mattie McGrath - Government Business - 27 J.wav,Deputy Mattie McGrath,mattie mcgrath
IzfnQ9vYdyA_Senator Gerald Nash - speech from 18 Jun 2019.wav,Senator Gerald Nash,gerald nash
PzsZxchuaQw_Fintan Warfield - speech from  09 Apr 2019.wav,Fintan Warfield,fintan warfield
SK-XY0HHaHU_David P B  Norris  - speech from  16 Apr 2019.wav,David P B Norris,david p b norris
sELZ4M3Q29o_Senator Lorraine Clifford-Lee - speech from 24 Sep.wav,Senator Lorraine Clifford,lorraine clifford
qdQAvAmuOl0_Pádraig Ó Céidigh - speech from  09 Apr 2019.wav,Pádraig Ó Céidigh,padraig o ceidigh
5rDGAzXabMg_Deputy Darragh O'Brien - Government Business - 11 .wav,Deputy Darragh O'Brien,darragh o'brien
eLx1IzgEL78_Deputy Robert Troy - Private Members’ Business - 1.wav,Deputy Robert Troy,robert troy
6oPm91StNiA_Deputy Mattie McGrath - Government Business - 26 J.wav,Deputy Mattie McGrath,mattie mcgrath
256wuRokSH0_Deputy Thomas Byrne - Private Members’ Business - .wav,Deputy Thomas Byrne,thomas byrne
vaoDdNiBayI_Senator Joe O'Reilly- speech from 10 Nov 2021.wav,Senator Joe O'Reilly,joe o'reilly
IHPezo_2IEw_Deputy Mattie McGrath - Government Business - 18 S.wav,Deputy Mattie McGrath,mattie mcgrath
OtZ7HWEixa8_Senator Keith Swanick - speech from 3 Jul 2019.wav,Senator Keith Swanick,keith swanick
zf5WnSsOurA_Senator Colm Burke - speech from 28 May 2019.wav,Senator Colm Burke,colm burke
n-7BbZK-PUo_Senator Gerard P. Craughwell - speech from 19 Jun .wav,Senator Gerard P. Craughwell,gerard p. craughwell
q1djVPVO0Gs_Deputy Aodhán Ó Ríordáin - speech from 21 Jul 2020.wav,Deputy Aodhán Ó Ríordáin,aodhan o riordain
-FxmsVf1cQM_Deputy Kathleen Funchion - Private Members’ Busine.wav,Deputy Kathleen Funchion,kathleen funchion
6wPV5t2YQmk_Deputy Margaret Murphy O'Mahony - Private Members’.wav,Deputy Margaret Murphy O'Mahony,margaret murphy o'mahony
wxCNYW5idow_Senator Joe O'Reilly- speech from 18 May 2021.wav,Senator Joe O'Reilly,joe o'reilly
T4m1fPRl8qI_Senator Frances Black - speech from 28 May 2019.wav,Senator Frances Black,frances black
T3USJ5Yxl6M_Deputy Mattie McGrath - Order of Business - 24 Sep.wav,Deputy Mattie McGrath,mattie mcgrath
3X9BUoLaVKo_Deputy Michael Collins - Government Business - 17 .wav,Deputy Michael Collins,michael collins
W_FWxTXCaww_Deputy Louise O'Reilly - Private Members’ Business.wav,Deputy Louise O'Reilly,louise o'reilly
3cghQZBoklo_Senator Joe O'Reilly- Fine Gael - speech from 14 J.wav,Senator Joe O'Reilly,joe o'reilly
eD4OATaSqd4_Senator Joe O'Reilly - Order of Business - 15 May .wav,Senator Joe O'Reilly,joe o'reilly
AXzPOuysF9I_Pádraig MacLochlainn - speech from  18 Apr 2019.wav,Pádraig MacLochlainn,padraig maclochlainn
VqckuVqWb6A_Senator Ian Marshall - speech from 1 Oct 2019.wav,Senator Ian Marshall,ian marshall
O_XvPr0FGEI_Deputy Willie O'Dea - Government Business - 06.03..wav,Deputy Willie O'Dea,willie o'dea
uCffxN8c1tg_Deputy Mattie McGrath - Private Members’ Business .wav,Deputy Mattie McGrath,mattie mcgrath
fE_5UH0b9QA_Senator Colm Burke - Order of Business - 14 May 20.wav,Senator Colm Burke,colm burke
X9lYy3YxZng_Deputy Noel Rock - Topical Issues - 9 Jul 2019.wav,Deputy Noel Rock,noel rock
lG18TMPDW0o_Senator Joe O'Reilly - speech from 18 Dec 2020.wav,Senator Joe O'Reilly,joe o'reilly
4EfuO9-S0WY_Deputy Michael Harty - Leaders’ Questions - 05.03..wav,Deputy Michael Harty,michael harty
3ok9HSmjDMo_Senator Aidan Davitt - speech from 11 Jul 2019.wav,Senator Aidan Davitt,aidan davitt
PsmlIoae_-0_Paddy Burke - speech from  09 Apr 2019.wav,Paddy Burke,paddy burke
0zWNEV3G2PU_Deputy Mattie McGrath - Government Business - 12.0.wav,Deputy Mattie McGrath,mattie mcgrath
ht28eV0iqv8_Senator Joe O'Reilly- Fine Gael - speech from 10 M.wav,Senator Joe O'Reilly,joe o'reilly
eJ2GXSnwvxY_Deputy Peter Burke - Topical Issues - 24 Sep 2019.wav,Deputy Peter Burke,peter burke
oRiLd-LDeeY_Deputy Neale Richmond - speech from 16 Dec 2020.wav,Deputy Neale Richmond,neale richmond
eIAdxXvL3vs_Deputy Joan Burton - Taoiseach’s Questions - 17.04.wav,Deputy Joan Burton,joan burton
jbWhOa34tSU_Deputy Joan Burton - Priority Questions - 05.03.20.wav,Deputy Joan Burton,joan burton
Tk5gJKqUoRc_Senator Catherine Noone - speech from 29 May 2019.wav,Senator Catherine Noone,catherine noone
jKQZYWNrBEA_Senator Lynn Ruane - speech from 12 Jun 2019.wav,Senator Lynn Ruane,lynn ruane
hXYjcGaSHxo_Senator Gerry Horkan - speech from  09 Apr 2019.wav,Senator Gerry Horkan,gerry horkan
khD3Hjv3Ltc_Jennifer Murnane O'Connor - speech from  17 Apr 20.wav,Jennifer Murnane O'Connor,jennifer murnane o'connor
EvBfEu4aOEw_Senator Joe O'Reilly- speech from 8 Mar 2021.wav,Senator Joe O'Reilly,joe o'reilly
MwRU-74jDjc_Senator Joe O'Reilly- speech from 9 Dec 2021.wav,Senator Joe O'Reilly,joe o'reilly
A3bNw_5k8m8_Deputy Michael Fitzmaurice - Private Members’ Busi.wav,Deputy Michael Fitzmaurice,michael fitzmaurice
uhQEu5MWhpA_Deputy Timmy Dooley - Priority Questions - 27.03.2.wav,Deputy Timmy Dooley,timmy dooley
DxB90g9LLK8_Senator Gerard P. Craughwell - speech from 10 Jul .wav,Senator Gerard P. Craughwell,gerard p. craughwell
bLkSZtHqhcg_Deputy Joan Collins - Leaders’ Questions - 07.03.2.wav,Deputy Joan Collins,joan collins
oRtIdOYGPPI_David P B  Norris  - speech from  16 Apr 2019.wav,David P B Norris,david p b norris
0wDkYik6t7g_Marie Louise O'Donnell - speech from  10 Apr 2019.wav,Marie Louise O'Donnell,marie louise o'donnell
RkHGtVM7nHs_Deputy Mick Wallace - Leaders’ Questions - 22 May .wav,Deputy Mick Wallace,mick wallace
CBSA9nPi3fk_Senator Jerry Buttimer - speech from 25 Sep 2019.wav,Senator Jerry Buttimer,jerry buttimer
a3p9s0l01FU_Deputy Mattie McGrath - Government Business - 10.0.wav,Deputy Mattie McGrath,mattie mcgrath
rK63zGcC1eE_Deputy Pat the Cope Gallagher - Other Questions - .wav,Deputy Pat the Cope Gallagher,pat the cope gallagher
keWfL8zLEJU_Senator Gerry Horkan - Order of Business - 15 May .wav,Senator Gerry Horkan,gerry horkan
Wfz_rN-DI-Q_Senator Victor Boyhan - speech from 10 Jul 2019.wav,Senator Victor Boyhan,victor boyhan
1V9AGHHLBuU_Senator Brian Ó Domhnaill - speech from 2 Oct 2019.wav,Senator Brian Ó Domhnaill,brian o domhnaill
YWSjrpGg7Z0_Deputy Joan Burton - Priority Questions - 17.04.20.wav,Deputy Joan Burton,joan burton
myI7I2HoUBk_Deputy Mattie McGrath - Questions on Promised Legi.wav,Deputy Mattie McGrath,mattie mcgrath
2OCVmhbspmM_Deputy Dessie Ellis - Topical Issues - 18 Sep 2019.wav,Deputy Dessie Ellis,dessie ellis
5CphMvxGD2Q_Senator Gerry Horkan - speech from 16 May 2019.wav,Senator Gerry Horkan,gerry horkan
6bhKka9GvNI_Deputy Dara Calleary - Leaders’ Questions - 07.03..wav,Deputy Dara Calleary,dara calleary
X99pI15R3_g_Senator Joe O'Reilly- speech from 23 Nov 2021.wav,Senator Joe O'Reilly,joe o'reilly
hiu1QoluYnc_Deputy Joan Collins - Questions on Promised Legisl.wav,Deputy Joan Collins,joan collins
MajuwzBaA7k_Deputy Willie Penrose - Questions on Promised Legi.wav,Deputy Willie Penrose,willie penrose
QdK4fQStg1M_Jerry Buttimer - speech from  17 Apr 2019.wav,Jerry Buttimer,jerry buttimer
CZDlwzD5kPI_Deputy Mick Wallace - Government Business - 17.04..wav,Deputy Mick Wallace,mick wallace
C8z6PWLpWrQ_Senator Joe O'Reilly - speech from 18 Oct 2023.wav,Senator Joe O'Reilly,joe o'reilly
BgzkFQQOjbI_Deputy Mattie McGrath - Topical Issues - 16.04.201.wav,Deputy Mattie McGrath,mattie mcgrath
ZRad6NrTpUE_Fintan Warfield - speech from  09 Apr 2019.wav,Fintan Warfield,fintan warfield
vgH0lGVvosI_Deputy Mattie McGrath - Questions on Promised Legi.wav,Deputy Mattie McGrath,mattie mcgrath
U73LkwzJib0_Deputy Louise O'Reilly - Government Business - 05..wav,Deputy Louise O'Reilly,louise o'reilly
eFVFaQgWIDQ_Alice Mary Higgins - speech from  09 Apr 2019.wav,Alice Mary Higgins,alice mary higgins
TzrEsW9gEwc_Deputy Brendan Ryan - Government Business - 11 Jul.wav,Deputy Brendan Ryan,brendan ryan
QlSXb_eG6fQ_Deputy David Cullinane - Government Business - 17 .wav,Deputy David Cullinane,david cullinane
WEmQ_w2jI14_Senator Joe O'Reilly- speech from 3 Feb 2022.wav,Senator Joe O'Reilly,joe o'reilly
Ft1ZbPY0bwo_Senator Aodhán Ó Ríordáin - speech from 12 Jul 201.wav,Senator Aodhán Ó Ríordáin,aodhan o riordain
ht2x0LGt35s_Senator Diarmuid Wilson - speech from 3 Oct 2019.wav,Senator Diarmuid Wilson,diarmuid wilson
3h9r7bTyyyM_Senator Frank Feighan - speech from 26 Jun 2019.wav,Senator Frank Feighan,frank feighan
lWC_X23-OEI_Senator Tim Lombard - speech from 30 May 2019.wav,Senator Tim Lombard,tim lombard
Q5LuSTZOdZ8_Senator Joe O'Reilly- speech from 15 Jun 2021.wav,Senator Joe O'Reilly,joe o'reilly
"7I4fJxSCVhM_Senator Ian Marshall, Charles Flanagan  - speech f.wav","Senator Ian Marshall, Charles Flanagan","ian marshall, charles flanagan"
2maDdXW-kvE_Deputy Kathleen Funchion - Private Members’ Busine.wav,Deputy Kathleen Funchion,kathleen funchion
qKra8VXkZc8_Senator Máire Devine - speech from 24 Sep 2019.wav,Senator Máire Devine,maire devine
5GLfBY_SizU_Senator Gerard P. Craughwell - speech from 26 Jun .wav,Senator Gerard P. Craughwell,gerard p. craughwell
WfLBpC2M8hk_Senator Anthony Lawlor - speech from 12 Jun 2019.wav,Senator Anthony Lawlor,anthony lawlor
lSxK-AVCiF0_Deputy Seán Haughey - Questions on Promised Legisl.wav,Deputy Seán Haughey,sean haughey
NI_eEdtcoHc_Deputy Mattie McGrath - Expressions of Sympathy - .wav,Deputy Mattie McGrath,mattie mcgrath
OPKo4jrTTdU_Deputy Mattie McGrath - Questions on Promised Legi.wav,Deputy Mattie McGrath,mattie mcgrath
DgkxmGhDjB8_Senator Kevin Humphreys - speech from 16 May 2019.wav,Senator Kevin Humphreys,kevin humphreys
Qzi0yOMN_-g_Senator James Reilly - speech from 10 Oct 2019.wav,Senator James Reilly,james reilly
HtPBPEzdmxY_Senator Joe O'Reilly- speech from 8 Dec 2021.wav,Senator Joe O'Reilly,joe o'reilly
6XGiSJucyBY_Senator Gerard P. Craughwell - speech from 10 Oct .wav,Senator Gerard P. Craughwell,gerard p. craughwell
JLyPKLy2_80_Deputy Neale Richmond - speech from 21 Jul 2020.wav,Deputy Neale Richmond,neale richmond
ySDTORieV70_Senator Joe O'Reilly- Fine Gael- speech from 14 Ju.wav,Senator Joe O'Reilly,joe o'reilly
DzpyPGor3Y4_Michael McDowell - speech from  10 Apr 2019.wav,Michael McDowell,michael mcdowell
noKeiPXYedU_Deputy Mattie McGrath - Private Members’ Business .wav,Deputy Mattie McGrath,mattie mcgrath
scSzO9rzEF0_Senator Gerard P. Craughwell - speech from 2 Oct 2.wav,Senator Gerard P. Craughwell,gerard p. craughwell
8Ccct70ww08_David P. B.  Norris - speech from  09 Apr 2019.wav,David P. B. Norris,david p. b. norris
WDLeXBSyBa0_Senator Joe O'Reilly - Fine Gael - speech from 7 M.wav,Senator Joe O'Reilly,joe o'reilly
w_gVQNomI-g_Deputy Mattie McGrath - Government Business - 10 J.wav,Deputy Mattie McGrath,mattie mcgrath
KNHBj1e1TIo_Deputy Mattie McGrath - Private Members’ Business .wav,Deputy Mattie McGrath,mattie mcgrath
8TkMntphCD0_Senator Joe O'Reilly- speech from 27 Jan 2022.wav,Senator Joe O'Reilly,joe o'reilly
n0VNFjah6Yk_Deputy Peter Fitzpatrick - Order of Business - 25 .wav,Deputy Peter Fitzpatrick,peter fitzpatrick
WymAj5Yxx6Q_Deputy Martin Heydon - Other Questions - 9 May 201.wav,Deputy Martin Heydon,martin heydon
afRicxrtMs4_Senator Brian Ó Domhnaill - speech from 19 Jun 201.wav,Senator Brian Ó Domhnaill,brian o domhnaill
a9Sz3h2eR20_Senator Joe O'Reilly - speech from 8 Dec 2020.wav,Senator Joe O'Reilly,joe o'reilly
uE9Wq-EsxFU_Deputy Joan Burton - Topical Issues - 8 May 2019.wav,Deputy Joan Burton,joan burton
oMa8y7xYXTc_Deputy Aindrias Moynihan - Priority Questions - 28.wav,Deputy Aindrias Moynihan,aindrias moynihan
xCjkXTdEC-M_Senator Máire Devine - speech from 26 Jun 2019.wav,Senator Máire Devine,maire devine
orn2DMcNR8g_Senator Martin Conway - speech from 8 May 2019.wav,Senator Martin Conway,martin conway
GDrNe5VNK88_Deputy Catherine Murphy - Topical Issues - 18 Sep .wav,Deputy Catherine Murphy,catherine murphy
pfbe_RoVcwM_Senator Paudie Coffey - speech from 9 Jul 2019.wav,Senator Paudie Coffey,paudie coffey
XNZaAKyHcnw_Deputy Ciaran Cannon - Government Business - 19 Se.wav,Deputy Ciaran Cannon,ciaran cannon
mkXVFy59IUc_Jennifer Murnane O'Connor - speech from  17 Apr 20.wav,Jennifer Murnane O'Connor,jennifer murnane o'connor
ntINOEt0TEc_Deputy Seamus Healy - Topical Issues - 29 May 2019.wav,Deputy Seamus Healy,seamus healy
iOF5g1t20lU_Deputy Kieran O'Donnell – speech from 03 Sep 2020.wav,Deputy Kieran O'Donnell,kieran o'donnell
Oy5tR7hGfCE_Senator Maura Hopkins - speech from 1 Oct 2019.wav,Senator Maura Hopkins,maura hopkins
ft_YbuerHDs_Deputy Paschal Donohoe - Private Members’ Business.wav,Deputy Paschal Donohoe,paschal donohoe
b26bbJbn3NQ_Deputy Mattie McGrath - Government Business - 18 J.wav,Deputy Mattie McGrath,mattie mcgrath
pUdK8jIrHic_Deputy Brendan Howlin - Leaders’ Questions - 17 Se.wav,Deputy Brendan Howlin,brendan howlin
Xv2KBo_ZfqA_Senator Michelle Mulherin - speech from 28 May 201.wav,Senator Michelle Mulherin,michelle mulherin
bQZiE-OWCdU_Deputy Joe McHugh - Government Business - 10 Jul 2.wav,Deputy Joe McHugh,joe mchugh
ADpM7_Uci5o_Senator Paddy Burke - speech from 28 May 2019.wav,Senator Paddy Burke,paddy burke
vWsbd0Nhoio_Deputy Mattie McGrath - Priority Questions - 10 Ju.wav,Deputy Mattie McGrath,mattie mcgrath
R9TDZ_NADSU_Senator David P.B. Norris - Order of Business - 8 .wav,Senator David P.B. Norris,david p.b. norris
k6na-f5pmHI_Deputy Michael Fitzmaurice - Government Business -.wav,Deputy Michael Fitzmaurice,michael fitzmaurice
a7Eij5GgEXE_Deputy Joan Burton - Private Members’ Business - 1.wav,Deputy Joan Burton,joan burton
s0O1eH0t8dc_Senator Kieran O'Donnell - speech from - 14 May 20.wav,Senator Kieran O'Donnell,kieran o'donnell
20GeP6Gv6xQ_Senator Gerard P. Craughwell - speech from 16 May .wav,Senator Gerard P. Craughwell,gerard p. craughwell
eAh0utqzJUM_Deputy Mary Lou McDonald - Leaders’ Questions - 11.wav,Deputy Mary Lou McDonald,mary lou mcdonald
LIeCSZZ7kXY_Senator Robbie Gallagher - speech from 29 May 2019.wav,Senator Robbie Gallagher,robbie gallagher
c7j1aeU7c3U_Deputy Jennifer Murnane O'Connor – speech from 13 .wav,Deputy Jennifer Murnane O'Connor,jennifer murnane o'connor
brT4CLBFzic_Deputy Peter Burke - Private Members’ Business - 2.wav,Deputy Peter Burke,peter burke
buya4JIU3H0_Deputy David Cullinane - Government Business - 05..wav,Deputy David Cullinane,david cullinane
AUwtAn9NL74_Deputy Helen McEntee - Government Business - 06.03.wav,Deputy Helen McEntee,helen mcentee
RlPr3ZSoWtA_Billy Lawless - speech from  18 Apr 2019.wav,Billy Lawless,billy lawless
1IfEguTfDGc_Deputy Noel Rock - Topical Issues - 07.03.2019.wav,Deputy Noel Rock,noel rock
0bOvVQWMx6Y_Senator Ned O'Sullivan - speech from 24 Sep 2019.wav,Senator Ned O'Sullivan,ned o'sullivan
hJTvvUHKmz4_Deputy Darragh O'Brien - Government Business - 15 .wav,Deputy Darragh O'Brien,darragh o'brien
m9hUJKfhqwA_Deputy Declan Breathnach - Topical Issues - 9 Jul .wav,Deputy Declan Breathnach,declan breathnach
12jw2zOlHHg_Senator Joe O'Reilly- speech from 22 Sep 2021.wav,Senator Joe O'Reilly,joe o'reilly
dYC5UqKigoA_Deputy Donnchadh Ó Laoghaire - Private Members’ Bu.wav,Deputy Donnchadh Ó Laoghaire,donnchadh o laoghaire
oii_Z2JcSCI_Senator Kevin Humphreys - speech from 21 May 2019.wav,Senator Kevin Humphreys,kevin humphreys
x8Hrih3B6ag_Senator Michelle Mulherin - speech from 11 Jun 201.wav,Senator Michelle Mulherin,michelle mulherin
SduElsWug5M_Senator Máire Devine - speech from 16 May 2019.wav,Senator Máire Devine,maire devine
b0cZnEPA_6Y_Senator Aidan Davitt - speech from 19 Jun 2019.wav,Senator Aidan Davitt,aidan davitt
2uuV1w7FkzA_Gabrielle McFadden - speech from  11 Apr 2019.wav,Gabrielle McFadden,gabrielle mcfadden
XVKWJd6vgM8_Deputy Marc MacSharry - Questions on Promised Legi.wav,Deputy Marc MacSharry,marc macsharry
ke6sqr8-jdo_Deputy Dessie Ellis - Topical Issues - 11 Jun 2019.wav,Deputy Dessie Ellis,dessie ellis
fGOr1WrsuwI_Senator Kieran O'Donnell - speech from 16 May 2019.wav,Senator Kieran O'Donnell,kieran o'donnell
qpIIFaklb4s_Deputy Michael Healy-Rae - Topical Issues - 17 Sep.wav,Deputy Michael Healy,michael healy
_2_Um4o3uv0_Deputy Mattie McGrath - Government Business - 12 J.wav,Deputy Mattie McGrath,mattie mcgrath
5_3tAYkPdRc_Senator Joe O'Reilly - Fine Gael - speech from 7 M.wav,Senator Joe O'Reilly,joe o'reilly
PNaznylLP1U_Deputy Maria Bailey - Order of Business - 05.03.20.wav,Deputy Maria Bailey,maria bailey
F5OZFbN6B1A_Senator Joe O'Reilly - speech from 29 Jun 2021.wav,Senator Joe O'Reilly,joe o'reilly
__3ICC7-lwI_Deputy Mick Barry - Order of Business - 19 Jun 201.wav,Deputy Mick Barry,mick barry
FHBKsNe5ebo_Deputy Caoimhghín Ó Caoláin - Government Business .wav,Deputy Caoimhghín Ó Caoláin,caoimhghin o caolain
SF1KO0Utm4E_Senator Jerry Buttimer - Order of Business - 8 May.wav,Senator Jerry Buttimer,jerry buttimer
sPBLoxKekfQ_Senator Gerard P. Craughwell - speech from 11 Jun .wav,Senator Gerard P. Craughwell,gerard p. craughwell
e605v2q_pnI_Senator Niall Ó Donnghaile - speech from 19 Jun 20.wav,Senator Niall Ó Donnghaile,niall o donnghaile
aJbrJewNsao_Deputy Michael Fitzmaurice - Order of Business - 1.wav,Deputy Michael Fitzmaurice,michael fitzmaurice
_ANJk_cdfss_Senator John Dolan - speech from 24 Sep 2019.wav,Senator John Dolan,john dolan
I6Vy_i7EAHU_Deputy Aodhán Ó Ríordáin - speech from 03 Nov 2020.wav,Deputy Aodhán Ó Ríordáin,aodhan o riordain
-qirUpSTm-A_Senator Michael McDowell - speech from 9 May 2019.wav,Senator Michael McDowell,michael mcdowell
LDpNxWGI9Ek_Deputy Mattie McGrath - Government Business - 10 J.wav,Deputy Mattie McGrath,mattie mcgrath
xSaS9mGAhYI_Robbie Gallagher  - speech from  16 Apr 2019.wav,Robbie Gallagher,robbie gallagher
HldUCUY8Byc_Senator Gabrielle McFadden - speech from 28 May 20.wav,Senator Gabrielle McFadden,gabrielle mcfadden
qQOWo9IhNB8_Deputy Maurice Quinlivan - Order of Business - 24 .wav,Deputy Maurice Quinlivan,maurice quinlivan
-Rj6X4_C5_0_Senator Jennifer O'Connor - speech from 21 May 201.wav,Senator Jennifer O'Connor,jennifer o'connor
dXqSyjXosPY_David P B  Norris  - speech from  16 Apr 2019.wav,David P B Norris,david p b norris
uam-VM0XP-0_Senator Joe O'Reilly - speech from 25 Nov 2020.wav,Senator Joe O'Reilly,joe o'reilly
J-KH4rnnIgQ_Senator Ivana Bacik - speech from 8 May 2019.wav,Senator Ivana Bacik,ivana bacik
NLLB4N73NjQ_Senator Fintan Warfield - speech from 21 May 2019.wav,Senator Fintan Warfield,fintan warfield
kDKeZoZlwIk_Deputy Danny Healy-Rae - Government Business - 17..wav,Deputy Danny Healy,danny healy
b7KGuv83SMY_Senator Colette Kelleher - speech from 30 May 2019.wav,Senator Colette Kelleher,colette kelleher
0Hc0oOCrlZ0_Senator Lynn Ruane – speech from 31 Jul 2020.wav,Senator Lynn Ruane,lynn ruane
PZUuKL562Tw_Senator Neale Richmond - speech from 1 Oct 2019.wav,Senator Neale Richmond,neale richmond
uoB4kx0brIg_Senator Jerry Buttimer - speech from 29 May 2019.wav,Senator Jerry Buttimer,jerry buttimer
QrOY3JuEqw0_Deputy Mattie McGrath - Leaders’ Questions - 9 May.wav,Deputy Mattie McGrath,mattie mcgrath
hHa0sJbqse4_Deputy Jan O'Sullivan - Government Business - 24 S.wav,Deputy Jan O'Sullivan,jan o'sullivan
y6WJGKABOQQ_Deputy Andrew Doyle - Government Business - 15 May.wav,Deputy Andrew Doyle,andrew doyle
T3ZSw3fgmHc_Deputy Mattie McGrath - Government Business - 25 S.wav,Deputy Mattie McGrath,mattie mcgrath
8iHi42AuLAQ_Deputy Jennifer Murnane O'Connor -  speech from 24.wav,Deputy Jennifer Murnane O'Connor,jennifer murnane o'connor
-TmfocD9Qm4_Senator Ian Marshall - speech from 28 May 2019.wav,Senator Ian Marshall,ian marshall
2MmQUyQEm5Q_Senator Jennifer O'Connor - speech from - 14 May 2.wav,Senator Jennifer O'Connor,jennifer o'connor
Lb4Vxow8WIw_Senator David P.B. Norris - speech from 15 May 201.wav,Senator David P.B. Norris,david p.b. norris
au72Cc9RCOw_Deputy Micheál Martin - Leaders’ Questions - 14 Ma.wav,Deputy Micheál Martin,micheal martin
yi_utE_FetE_Michael McDowell - speech from  17 Apr 2019.wav,Michael McDowell,michael mcdowell
3gToPfyO328_Senator Colm Burke - Commencement Matters - 8 May .wav,Senator Colm Burke,colm burke
PcCBWT0Q2GQ_Senator Frank Feighan - speech from 1 Oct 2019.wav,Senator Frank Feighan,frank feighan
TXLZcdN4gac_Senator Gabrielle McFadden - speech from 25 Sep 20.wav,Senator Gabrielle McFadden,gabrielle mcfadden
ZQJft5Lx-w4_Deputy John Brady - Government Business - 06.03.20.wav,Deputy John Brady,john brady
007PfoFOkv8_Deputy James Browne - Private Members’ Business - .wav,Deputy James Browne,james browne
UOoM6-88A70_Lynn Ruane - speech from  09 Apr 2019.wav,Lynn Ruane,lynn ruane
cEeLN3uh0iU_Senator Lynn Ruane - speech from 21 May 2019.wav,Senator Lynn Ruane,lynn ruane
G1LTOsgVRYo_Fintan Warfield - speech from  10 Apr 2019.wav,Fintan Warfield,fintan warfield
CICJUrIGoUA_Gerard P  Craughwell - speech from  17 Apr 2019.wav,Gerard P Craughwell,gerard p craughwell
MEpqkKJTfwU_Senator Marie-Louise O'Donnell - speech from 24 Se.wav,Senator Marie,marie
YQUqmdI7pXw_Deputy Fiona O'Loughlin - Order of Business - 12.0.wav,Deputy Fiona O'Loughlin,fiona o'loughlin
_M2MhvvNiyo_Senator Michael McDowell - speech from - 14 May 20.wav,Senator Michael McDowell,michael mcdowell
hKf1GnV94cA_Deputy Joan Burton - Priority Questions - 8 May 20.wav,Deputy Joan Burton,joan burton
_Fxeu3c-MiQ_Deputy Éamon Ó Cuív - Government Business - 25 Sep.wav,Deputy Éamon Ó Cuív,eamon o cuiv
KRScgc_gs4k_Deputy Stephen Donnelly - Private Members’ Busines.wav,Deputy Stephen Donnelly,stephen donnelly
jO7uo3GAXCk_Michelle Mulherin - speech from  17 Apr 2019.wav,Michelle Mulherin,michelle mulherin
oO0Gov5N0TU_Deputy John Lahart - Government Business - 11.04.2.wav,Deputy John Lahart,john lahart
_a2srYgXOl8_Deputy Micheál Martin - Leaders’ Questions - 19 Ju.wav,Deputy Micheál Martin,micheal martin
4LZmAF6pDfQ_Senator Gerard P. Craughwell - speech from 21 May .wav,Senator Gerard P. Craughwell,gerard p. craughwell
OX3Kq4AKhYA_Senator Gerard P. Craughwell - speech from 10 Jul .wav,Senator Gerard P. Craughwell,gerard p. craughwell
s4Y9s2WZvnc_Kieran O'Donnell - speech from  18 Apr 2019.wav,Kieran O'Donnell,kieran o'donnell
VY9goVVRKdA_Deputy Éamon Ó Cuív - Expressions of Sympathy - 3 .wav,Deputy Éamon Ó Cuív,eamon o cuiv
XXUTdPlsdQE_Deputy Michael Fitzmaurice - Topical Issues - 12.0.wav,Deputy Michael Fitzmaurice,michael fitzmaurice
l_lY63xq3zM_Deputy Mattie McGrath - Government Business - 12 J.wav,Deputy Mattie McGrath,mattie mcgrath
mYv8_CjqmzA_Senator David P.B. Norris - speech from 9 May 2019.wav,Senator David P.B. Norris,david p.b. norris
OpgzM7rXjLM_Deputy John Lahart - Priority Questions - 9 Jul 20.wav,Deputy John Lahart,john lahart
5NUNrrm2wS4_Deputy Imelda Munster - Government Business - 16.0.wav,Deputy Imelda Munster,imelda munster
tk38N4-3W1M_Deputy Michael Fitzmaurice - Government Business -.wav,Deputy Michael Fitzmaurice,michael fitzmaurice
LznCSV3e48I_Deputy John Curran - Other Questions - 19 Jun 2019.wav,Deputy John Curran,john curran
ol0Rwovb2O4_Senator Victor Boyhan - speech from 11 Jun 2019.wav,Senator Victor Boyhan,victor boyhan
92Vy6ISLSHo_Senator Gerard P. Craughwell - speech from 3 Jul 2.wav,Senator Gerard P. Craughwell,gerard p. craughwell
8Q4fsWt5gNc_Deputy Eamon Ryan - Government Business - 20 Jun 2.wav,Deputy Eamon Ryan,eamon ryan
Mjrv8-c2sOg_Senator Gabrielle McFadden - speech from 20 Jun 20.wav,Senator Gabrielle McFadden,gabrielle mcfadden
_Sdaj05gPgg_Deputy Robert Troy - Other Questions - 05.03.2019.wav,Deputy Robert Troy,robert troy
NAAci8DlpuY_Deputy Shane Cassells - Topical Issues - 13.03.201.wav,Deputy Shane Cassells,shane cassells
k9gYaJMFOZc_Deputy Danny Healy-Rae - Leaders’ Questions - 06.0.wav,Deputy Danny Healy,danny healy
Nsa76OrlGMk_Deputy Niall Collins - Questions on Promised Legis.wav,Deputy Niall Collins,niall collins
Rp7v19WfgAc_Senator Frank Feighan - Order of Business - 8 May .wav,Senator Frank Feighan,frank feighan
Gu0Qras11PE_Senator Gerard P. Craughwell - speech from 23 Oct .wav,Senator Gerard P. Craughwell,gerard p. craughwell
7rhvxc5zXO4_Michael McDowell - speech from  17 Apr 2019.wav,Michael McDowell,michael mcdowell
63Ff-Zd9kvM_David P B  Norris - speech from  17 Apr 2019.wav,David P B Norris,david p b norris
ATNwVZu50l0_Deputy Alan Kelly - Leaders’ Questions - 18 Sep 20.wav,Deputy Alan Kelly,alan kelly
rCFUR_tv568_Deputy Mick Wallace - Other Questions - 12 Jun 201.wav,Deputy Mick Wallace,mick wallace
f1NGDrnywxs_Senator Marie-Louise O'Donnell - speech from 21 Ma.wav,Senator Marie,marie
9Tmnffhz_Ds_Deputy Mattie McGrath - Government Business - 19 J.wav,Deputy Mattie McGrath,mattie mcgrath
_BQdENYAFD8_Deputy Mick Barry - Government Business - 17 Sep 2.wav,Deputy Mick Barry,mick barry
voXdcf03P00_Frank Feighan  - speech from  11 Apr 2019.wav,Frank Feighan,frank feighan
f3pWvdCtypU_Senator Joe O'Reilly- speech from 22 Mar 2021.wav,Senator Joe O'Reilly,joe o'reilly
NmfRD6dotpA_Senator Paudie Coffey - speech from 30 May 2019.wav,Senator Paudie Coffey,paudie coffey
pxFQ-Hiihms_Deputy Carol Nolan - Private Members’ Business - 1.wav,Deputy Carol Nolan,carol nolan
8BXjmZT3OFM_Senator Joe O'Reilly - speech from 26 Jan 2021.wav,Senator Joe O'Reilly,joe o'reilly
1okFZSLpr8o_Deputy Mattie McGrath - Topical Issues - 26.03.201.wav,Deputy Mattie McGrath,mattie mcgrath
RWYvlh8JpIs_Senator Joe O'Reilly- speech from 15 Feb 2022.wav,Senator Joe O'Reilly,joe o'reilly
ADIPTTiNr3E_Deputy Michael Fitzmaurice - Government Business -.wav,Deputy Michael Fitzmaurice,michael fitzmaurice
HE38Ipl4Zys_Deputy Imelda Munster - Government Business - 18 S.wav,Deputy Imelda Munster,imelda munster
p_Ogeu0pu6s_Deputy Catherine Murphy - Priority Questions - 19 .wav,Deputy Catherine Murphy,catherine murphy
4olmJh9Zg3Y_Deputy Mattie McGrath - Questions on Promised Legi.wav,Deputy Mattie McGrath,mattie mcgrath
CPHu82wWe04_Deputy Danny Healy-Rae - Questions on Promised Leg.wav,Deputy Danny Healy,danny healy
S-XCfkiu5QA_Deputy Mary Lou McDonald - Leaders’ Questions - 17.wav,Deputy Mary Lou McDonald,mary lou mcdonald
N5nmGv3ol7Q_Senator Paul Gavan - speech from 16 May 2019.wav,Senator Paul Gavan,paul gavan
WwALfNQ1h3s_Deputy Mattie McGrath - Topical Issues - 26.03.201.wav,Deputy Mattie McGrath,mattie mcgrath
bLrbDx7fSBY_Senator Niall Ó Donnghaile- speech from 12 Jul 201.wav,Senator Niall Ó Donnghaile,niall o donnghaile
h1dK0pit-3c_Deputy Pat Casey - Private Members’ Business - 10..wav,Deputy Pat Casey,pat casey
qGCQW3LLEHE_Ray Butler - speech from  18 Apr 2019.wav,Ray Butler,ray butler
5fmEMIke44g_Alice Mary Higgins  - speech from  11 Apr 2019.wav,Alice Mary Higgins,alice mary higgins
1DT0VYsX0jw_Deputy Éamon Ó Cuív - Questions on Promised Legisl.wav,Deputy Éamon Ó Cuív,eamon o cuiv
ocjvWDjM4lI_Deputy Aodhán Ó Ríordáin - speech from 8 Dec 2020.wav,Deputy Aodhán Ó Ríordáin,aodhan o riordain
0NpKLaXFRoo_Deputy Kevin Boxer Moran - Government Business - 2.wav,Deputy Kevin Boxer Moran,kevin boxer moran
66OegRKz_Hc_Deputy Mattie McGrath - Order of Business - 2 Jul .wav,Deputy Mattie McGrath,mattie mcgrath
7v3qqPI4qvc_Deputy Aodhán Ó Ríordáin - speech from 15 Jul 2020.wav,Deputy Aodhán Ó Ríordáin,aodhan o riordain
5LIwW_xbBEA_Senator Paul Gavan - speech from 25 Sep 2019.wav,Senator Paul Gavan,paul gavan
lRJ5huAVBDo_Senator John O'Mahony - speech from 26 Jun 2019.wav,Senator John O'Mahony,john o'mahony
Cm6xJxsZBKo_Senator Gerard P. Craughwell - speech from 15 May .wav,Senator Gerard P. Craughwell,gerard p. craughwell
pQmi49p2u8s_Senator Frances Black - speech from 12 Jun 2019.wav,Senator Frances Black,frances black
uZFTSecOZik_Deputy Denise Mitchell - Private Members’ Business.wav,Deputy Denise Mitchell,denise mitchell
B_6mkneJVFg_Deputy Thomas P. Broughan - Government Business - .wav,Deputy Thomas P. Broughan,thomas p. broughan
D76DkTShHxQ_Deputy Kathleen Funchion - Priority Questions - 06.wav,Deputy Kathleen Funchion,kathleen funchion
2enPFMgX3Sg_Senator Michael McDowell - speech from 11 Jun 2019.wav,Senator Michael McDowell,michael mcdowell
HUkQl9G3S4M_Senator Jennifer O'Connor - speech from 30 May 201.wav,Senator Jennifer O'Connor,jennifer o'connor
Li9AA3IK1Kw_Senator Joe O'Reilly - speech from 21 Oct 2021.wav,Senator Joe O'Reilly,joe o'reilly
6tXJyil6AlU_Deputy Éamon Ó Cuív - Topical Issues - 26.03.2019.wav,Deputy Éamon Ó Cuív,eamon o cuiv
XJcemFh4pVk_Deputy Michael McGrath - Government Business - 14 .wav,Deputy Michael McGrath,michael mcgrath
WxvF8x_jnHQ_Deputy Mattie McGrath - Government Business - 12 J.wav,Deputy Mattie McGrath,mattie mcgrath
-rCA5_sVtE4_Deputy Seamus Healy - Private Members’ Business - .wav,Deputy Seamus Healy,seamus healy
MOaiWILDL1A_Senator Fintan Warfield - speech from 12 Jun 2019.wav,Senator Fintan Warfield,fintan warfield
u2FaQpnRlPw_Deputy Jim O'Callaghan - Private Members’ Business.wav,Deputy Jim O'Callaghan,jim o'callaghan
A8T0dtR4Szs_Senator Lorraine Clifford-Lee - speech from 12 Jun.wav,Senator Lorraine Clifford,lorraine clifford
42H3nbuBmf4_Jerry Buttimer - speech from  18 Apr 2019.wav,Jerry Buttimer,jerry buttimer
YpfPKUIQg7c_Deputy Imelda Munster - Private Members’ Business .wav,Deputy Imelda Munster,imelda munster
n2ktVAU-s04_Deputy Michael Fitzmaurice - Topical Issues - 11 J.wav,Deputy Michael Fitzmaurice,michael fitzmaurice
qB8tCAsJSQk_Senator Anthony Lawlor - speech from 25 Sep 2019.wav,Senator Anthony Lawlor,anthony lawlor
VXwnZ87lJU8_Senator Gerard P. Craughwell - speech from 11 Jul .wav,Senator Gerard P. Craughwell,gerard p. craughwell
jdJuZnyCflQ_Deputy Gerry Adams - Questions on Promised Legisla.wav,Deputy Gerry Adams,gerry adams
oZQ2gZ__vOA_Deputy Timmy Dooley - Leaders’ Questions - 9 May 2.wav,Deputy Timmy Dooley,timmy dooley
HBzE6jLmRsM_Deputy Tony McLoughlin - Other Questions - 19 Sep .wav,Deputy Tony McLoughlin,tony mcloughlin
NnHkRmHbPVw_Robbie Gallagher - speech from  09 Apr 2019.wav,Robbie Gallagher,robbie gallagher
f3_r1FkLXMg_Deputy Mattie McGrath - Government Business - 26 J.wav,Deputy Mattie McGrath,mattie mcgrath
sdiHoef9H-c_Senator Fintan Warfield - speech from 30 May 2019.wav,Senator Fintan Warfield,fintan warfield
SAFAZLiDtt0_Catherine Ardagh - speech from  17 Apr 2019.wav,Catherine Ardagh,catherine ardagh
JrlDAbfSg7w_Deputy Joe Flaherty - speech from 13 May 2021.wav,Deputy Joe Flaherty,joe flaherty
_4FCd-dw8Rk_Deputy Mick Barry - Private Members’ Business - 14.wav,Deputy Mick Barry,mick barry
ws8Gs37Dnao_Senator Joe O'Reilly- speech from 16 Dec 2021.wav,Senator Joe O'Reilly,joe o'reilly
jEqs_W-f2ns_Senator Joe O'Reilly- speech from 22 Mar 2021.wav,Senator Joe O'Reilly,joe o'reilly
GqT-bLgRSmg_Deputy Anne Rabbitte - Order of Business - 26.03.2.wav,Deputy Anne Rabbitte,anne rabbitte
dlKZVOx1k6s_Lynn Ruane  - speech from  11 Apr 2019.wav,Lynn Ruane,lynn ruane
K1vlEAV01Jo_Shane Ross  - speech from  16 Apr 2019.wav,Shane Ross,shane ross
CZW9-n78kwY_Senator Terry Leyden - Order of Business - 8 May 2.wav,Senator Terry Leyden,terry leyden
P5uSuM7WTbw_David P B  Norris - speech from  17 Apr 2019.wav,David P B Norris,david p b norris
FSEJ_0ft6Cw_Deputy Mattie McGrath - Questions on Promised Legi.wav,Deputy Mattie McGrath,mattie mcgrath
rjJr2PTEpa8_Senator Catherine Noone - speech from 14 May 2019.wav,Senator Catherine Noone,catherine noone
qjISopFzsNE_Deputy Mattie McGrath - Topical Issues - 25 Jun 20.wav,Deputy Mattie McGrath,mattie mcgrath
0iexV43SQwk_Terry Leyden - speech from  09 Apr 2019.wav,Terry Leyden,terry leyden
4wF66I19S-0_Senator Fintan Warfield - speech from - 14 May 201.wav,Senator Fintan Warfield,fintan warfield
puDseuNiSVM_Deputy Bríd Smith - Other Questions - 05.03.2019.wav,Deputy Bríd Smith,brid smith
5PfEOxFbBnI_Senator Billy Lawless - speech from 21 May 2019.wav,Senator Billy Lawless,billy lawless
MOz6MGD6Lbg_Deputy Brendan Smith - Topical Issues - 2 Jul 2019.wav,Deputy Brendan Smith,brendan smith
fU9DOQMH4Uo_Alice Mary Higgins - speech from  09 Apr 2019.wav,Alice Mary Higgins,alice mary higgins
WHH0i7pSyTA_Deputy Seán Sherlock - Priority Questions - 12.03..wav,Deputy Seán Sherlock,sean sherlock
5GQMuGv-wAU_Senator Kevin Humphreys - speech from 24 Sep 2019.wav,Senator Kevin Humphreys,kevin humphreys
rMm2hTZkMtI_Senator Joe O'Reilly- speech from 17 Nov 2021.wav,Senator Joe O'Reilly,joe o'reilly
WqHXAjJPwiU_Senator Gerard P. Craughwell - speech from 18 Jun .wav,Senator Gerard P. Craughwell,gerard p. craughwell
83o-urjBbfA_Deputy Jennifer Murnane O'Connor - speech from 2 M.wav,Deputy Jennifer Murnane O'Connor,jennifer murnane o'connor
kojX8OflOos_Senator Joe O'Reilly – speech from 31 Jul 2020.wav,Senator Joe O'Reilly,joe o'reilly
uFYT7IXpOBc_Deputy Seán Kyne - Order of Business - 28 May 2019.wav,Deputy Seán Kyne,sean kyne
x5nUeZdUde8_Senator Máire Devine - speech from 21 May 2019.wav,Senator Máire Devine,maire devine
FEGHge6y2DQ_Senator Michael McDowell - speech from 28 May 2019.wav,Senator Michael McDowell,michael mcdowell
jUs8CW81SVE_Deputy Joan Collins - Private Members’ Business - .wav,Deputy Joan Collins,joan collins
hqeTgbRV-h8_Martin Conway - speech from  18 Apr 2019.wav,Martin Conway,martin conway
XxMNag5d8Zw_Catherine Ardagh - speech from  18 Apr 2019.wav,Catherine Ardagh,catherine ardagh
Ub2kCR5w_vE_Senator Marie-Louise O'Donnell - speech from - 14 .wav,Senator Marie,marie
-JG0ZoxERM0_David P B  Norris - speech from  17 Apr 2019.wav,David P B Norris,david p b norris
yHiXZZVtrX4_Senator Joe O'Reilly - speech from 3 Mar 2022.wav,Senator Joe O'Reilly,joe o'reilly
ikX_XYIIvdI_Victor Boyhan  - speech from  16 Apr 2019.wav,Victor Boyhan,victor boyhan
5GGhL2VtDNE_Senator Paddy Burke - speech from 10 Jul 2019.wav,Senator Paddy Burke,paddy burke
VNog2FsqBcU_Senator Diarmuid Wilson - speech from 25 Jun 2019.wav,Senator Diarmuid Wilson,diarmuid wilson
mCUHrlTDdZ0_Deputy John Lahart - Private Members’ Business - 2.wav,Deputy John Lahart,john lahart
WXV6UtJiXaQ_Deputy Fiona O'Loughlin - Order of Business - 8 Ma.wav,Deputy Fiona O'Loughlin,fiona o'loughlin
j9ZDRN_P3rM_Deputy Imelda Munster - Private Members’ Business .wav,Deputy Imelda Munster,imelda munster
urtDXCezZ-M_Deputy Mattie McGrath - Government Business - 25 J.wav,Deputy Mattie McGrath,mattie mcgrath
pEyM2Icj3hE_James Reilly  - speech from  16 Apr 2019.wav,James Reilly,james reilly
18HejjWOTe8_Senator Aidan Davitt - speech from 2 Oct 2019.wav,Senator Aidan Davitt,aidan davitt
LG7PSi-Lf90_Senator Joe O'Reilly  - Fine Gael - speech from 10.wav,Senator Joe O'Reilly,joe o'reilly
HidSeDW0gWM_Senator Billy Lawless - speech from 25 Sep 2019.wav,Senator Billy Lawless,billy lawless
136-YK2DNLA_Deputy Mick Wallace - Other Questions - 17.04.2019.wav,Deputy Mick Wallace,mick wallace
XOpkxyW1PyE_Deputy Donnchadh Ó Laoghaire - Government Business.wav,Deputy Donnchadh Ó Laoghaire,donnchadh o laoghaire
g7LHmISDBpY_Deputy Joan Burton - Taoiseach’s Questions - 17.04.wav,Deputy Joan Burton,joan burton
fDjnKM99AbU_Deputy Joan Burton - Taoiseach’s Questions - 16.04.wav,Deputy Joan Burton,joan burton
fZbffevE5Ak_Senator Ian Marshall - speech from 11 Jun 2019.wav,Senator Ian Marshall,ian marshall
8VenebwheHk_Senator Tim Lombard - speech from 3 Jul 2019.wav,Senator Tim Lombard,tim lombard
StkQKPLVMPI_Senator Kieran O'Donnell - speech from 26 Jun 2019.wav,Senator Kieran O'Donnell,kieran o'donnell
Dojst2BRUo8_Deputy Kathleen Funchion - Topical Issues - 14 May.wav,Deputy Kathleen Funchion,kathleen funchion
-DtBKFNHAlk_Deputy Brendan Smith - Other Questions - 12 Jun 20.wav,Deputy Brendan Smith,brendan smith
O1IS5A7MPJ4_Senator Joe O'Reilly - speech from 1 Dec 2020.wav,Senator Joe O'Reilly,joe o'reilly
7blh3Z94koA_Deputy Brendan Smith - Government Business - 17 Se.wav,Deputy Brendan Smith,brendan smith
0UKS6UPlVws_Deputy Richard Boyd-Barrett - speech from 23 Oct 2.wav,Deputy Richard Boyd,richard boyd
qpTSpmF7PrI_Deputy Mick Wallace - Topical Issues - 13 Jun 2019.wav,Deputy Mick Wallace,mick wallace
00gUGrlPyds_Deputy Mattie McGrath Leaders’ Questions - 10 Jul .wav,Deputy Mattie McGrath Leaders’ Questions,mattie mcgrath leaders' questions
RNFTEfkWaVI_Colm Burke  - speech from  16 Apr 2019.wav,Colm Burke,colm burke
oo4bcWr664Q_Deputy Kevin O'Keeffe - Private Members’ Business .wav,Deputy Kevin O'Keeffe,kevin o'keeffe
51S1hb5HQuo_Senator Lynn Ruane - speech from 27 Jun 2019.wav,Senator Lynn Ruane,lynn ruane
fKOEsscB1uU_Senator Gerard P. Craughwell - speech from 11 Jul .wav,Senator Gerard P. Craughwell,gerard p. craughwell
zBP53H3OiFs_Deputy Brendan Ryan - Questions on Promised Legisl.wav,Deputy Brendan Ryan,brendan ryan
eSMH2qLnr8w_Deputy Maureen O'Sullivan - Other Questions - 17 S.wav,Deputy Maureen O'Sullivan,maureen o'sullivan
a9BoVBc1GJM_Senator Pádraig Ó Céidigh - speech from 13 Jun 201.wav,Senator Pádraig Ó Céidigh,padraig o ceidigh
XJw15dq3FZQ_Deputy Stephen Donnelly - Private Members’ Busines.wav,Deputy Stephen Donnelly,stephen donnelly
